300 2548
0 1
0 299
0 16
0 28
0 58
0 62
0 85
0 139
0 166
0 181
0 214
0 226
0 231
0 235
0 242
0 250
0 261
0 285
1 2
1 9
1 29
1 51
1 132
1 151
1 162
1 188
1 214
1 215
1 225
1 252
1 266
1 270
2 3
2 5
2 74
2 80
2 81
2 83
2 85
2 131
2 153
2 155
2 156
2 174
2 193
2 216
2 257
2 259
3 4
3 69
3 127
3 134
3 156
3 158
3 169
3 170
3 179
3 187
3 190
3 194
3 215
3 228
3 235
3 298
4 5
4 57
4 62
4 99
4 105
4 131
4 141
4 161
4 174
4 183
4 184
4 253
4 276
4 294
5 6
5 7
5 9
5 50
5 89
5 127
5 135
5 142
5 145
5 146
5 178
5 198
5 221
5 239
5 247
6 7
6 14
6 24
6 28
6 45
6 51
6 52
6 53
6 76
6 89
6 98
6 149
6 151
6 170
6 179
6 183
6 202
6 206
6 244
6 253
6 254
6 260
6 290
6 295
7 8
7 21
7 30
7 67
7 88
7 112
7 113
7 147
7 154
7 181
7 182
7 184
7 196
7 208
7 236
7 243
7 252
7 256
7 284
7 296
8 9
8 20
8 43
8 61
8 92
8 106
8 112
8 152
8 189
8 210
8 222
8 246
8 266
9 10
9 18
9 25
9 96
9 100
9 104
9 108
9 110
9 115
9 129
9 130
9 146
9 211
9 227
9 230
9 236
9 239
9 262
9 266
9 273
10 11
10 17
10 57
10 95
10 123
10 130
10 137
10 145
10 148
10 151
10 193
10 197
10 201
10 202
10 215
10 225
10 247
10 259
10 299
11 12
11 40
11 44
11 55
11 57
11 65
11 76
11 81
11 115
11 151
11 201
11 211
11 284
12 13
12 37
12 45
12 106
12 136
12 140
12 152
12 161
12 169
12 177
12 193
12 202
12 229
12 264
12 269
12 280
13 14
13 15
13 17
13 57
13 120
13 228
13 246
13 292
13 299
14 15
14 25
14 29
14 46
14 49
14 61
14 84
14 90
14 101
14 129
14 179
14 187
14 212
14 245
14 258
14 261
14 269
14 270
15 16
15 37
15 60
15 111
15 119
15 126
15 141
15 166
15 171
15 208
15 213
15 219
15 232
15 284
16 17
16 25
16 34
16 49
16 65
16 81
16 88
16 115
16 149
16 190
16 203
16 205
16 220
16 243
16 245
16 272
16 282
17 18
17 23
17 34
17 45
17 58
17 61
17 63
17 65
17 72
17 190
17 198
17 215
17 216
17 226
17 239
17 267
17 292
18 19
18 32
18 57
18 83
18 97
18 101
18 143
18 144
18 146
18 164
18 220
18 263
18 281
19 20
19 24
19 26
19 47
19 90
19 106
19 125
19 126
19 155
19 162
19 164
19 214
19 294
20 21
20 23
20 39
20 48
20 53
20 57
20 74
20 105
20 122
20 123
20 129
20 156
20 173
20 185
20 195
20 219
20 222
20 224
20 250
20 261
20 269
20 282
20 284
21 22
21 26
21 45
21 51
21 69
21 89
21 129
21 175
21 178
21 198
21 203
21 221
21 235
21 249
21 259
21 263
21 269
21 278
21 284
21 290
22 23
22 46
22 50
22 63
22 84
22 105
22 142
22 156
22 161
22 163
22 189
22 190
22 196
22 210
22 220
22 227
22 243
22 244
22 259
22 260
23 24
23 34
23 39
23 50
23 57
23 92
23 128
23 134
23 157
23 168
23 184
23 199
23 245
24 25
24 30
24 38
24 62
24 64
24 94
24 107
24 119
24 120
24 126
24 204
24 239
24 252
24 261
24 289
25 26
25 37
25 39
25 53
25 59
25 67
25 70
25 88
25 100
25 131
25 150
25 159
25 174
25 177
25 224
25 237
25 284
25 286
25 296
26 27
26 40
26 49
26 65
26 70
26 76
26 77
26 93
26 153
26 196
26 225
26 248
26 277
27 28
27 46
27 78
27 98
27 108
27 115
27 136
27 151
27 152
27 167
27 249
28 29
28 34
28 37
28 58
28 92
28 133
28 135
28 160
28 164
28 188
28 207
28 217
28 226
28 238
28 274
28 296
29 30
29 45
29 62
29 65
29 83
29 103
29 110
29 115
29 138
29 173
29 177
29 215
29 249
29 266
29 277
29 287
29 291
29 299
30 31
30 42
30 56
30 73
30 85
30 103
30 109
30 119
30 121
30 128
30 150
30 179
30 185
30 216
30 217
30 246
30 248
31 32
31 40
31 43
31 128
31 134
31 221
31 252
32 33
32 42
32 116
32 121
32 122
32 128
32 129
32 139
32 158
32 162
32 190
32 196
32 237
32 263
33 34
33 40
33 62
33 68
33 73
33 77
33 84
33 93
33 115
33 156
33 174
33 176
33 208
33 209
33 224
33 225
33 249
33 294
33 295
34 35
34 62
34 95
34 112
34 123
34 145
34 164
34 205
34 241
34 252
34 282
34 285
35 36
35 60
35 98
35 100
35 103
35 136
35 148
35 149
35 150
35 159
35 177
35 184
35 187
35 208
35 233
35 236
35 247
35 254
35 259
35 267
35 278
36 37
36 38
36 53
36 119
36 163
36 173
36 178
36 217
36 219
36 255
36 272
37 38
37 63
37 65
37 71
37 73
37 149
37 168
37 180
37 187
37 211
37 220
37 232
37 276
37 280
38 39
38 47
38 60
38 69
38 87
38 91
38 123
38 156
38 163
38 176
38 209
38 230
38 249
38 256
38 281
38 285
39 40
39 46
39 61
39 105
39 106
39 113
39 121
39 136
39 159
39 180
39 197
39 217
39 226
39 231
39 237
39 285
40 41
40 68
40 88
40 90
40 104
40 116
40 141
40 149
40 160
40 179
40 185
40 193
40 214
40 260
40 264
40 280
40 299
41 42
41 72
41 119
41 130
41 138
41 185
41 190
41 194
41 200
41 226
41 251
41 261
41 262
42 43
42 67
42 81
42 109
42 116
42 171
42 185
42 192
42 213
42 229
42 251
42 264
42 274
42 283
42 287
43 44
43 84
43 89
43 118
43 141
43 147
43 160
43 205
43 236
43 293
44 45
44 54
44 80
44 121
44 131
44 154
44 200
44 209
44 212
44 225
44 236
44 242
44 262
44 266
45 46
45 142
45 148
45 185
45 194
45 206
45 213
45 235
45 274
45 280
46 47
46 72
46 76
46 81
46 86
46 111
46 114
46 120
46 152
46 165
46 201
46 281
47 48
47 60
47 64
47 86
47 97
47 114
47 118
47 130
47 134
47 136
47 139
47 165
47 171
47 177
47 181
47 198
47 257
47 268
47 270
47 272
47 276
47 288
47 294
48 49
48 50
48 57
48 65
48 89
48 109
48 140
48 142
48 161
48 166
48 184
48 189
48 269
48 287
48 288
48 297
49 50
49 98
49 108
49 118
49 128
49 155
49 176
49 182
49 203
49 257
49 281
49 291
49 293
50 51
50 56
50 64
50 79
50 129
50 138
50 152
50 164
50 227
50 243
50 244
50 253
50 256
50 257
50 264
50 276
50 297
51 52
51 65
51 87
51 120
51 183
51 198
51 235
52 53
52 63
52 76
52 159
52 172
52 244
52 248
53 54
53 63
53 81
53 106
53 116
53 120
53 127
53 172
53 195
53 196
53 200
53 235
53 253
53 258
53 265
54 55
54 57
54 61
54 135
54 136
54 167
54 190
54 219
54 221
54 230
54 236
54 268
54 272
54 284
55 56
55 107
55 119
55 137
55 139
55 158
55 187
55 241
55 252
55 257
56 57
56 78
56 91
56 108
56 110
56 144
56 169
56 178
56 200
56 221
56 234
56 263
56 283
57 58
57 66
57 67
57 138
57 187
57 209
57 261
57 292
58 59
58 60
58 158
58 190
58 201
58 216
58 285
58 291
58 299
59 60
59 78
59 91
59 157
59 189
59 192
59 196
59 210
59 280
59 298
60 61
60 91
60 93
60 104
60 136
60 144
60 147
60 154
60 163
60 172
60 173
60 204
60 205
60 217
60 235
60 237
60 247
60 268
60 273
60 288
60 293
61 62
61 71
61 121
61 131
61 154
61 164
61 190
61 196
61 220
61 227
61 258
61 266
62 63
62 92
62 101
62 129
62 151
62 153
62 171
62 185
62 225
62 248
62 268
63 64
63 76
63 92
63 115
63 185
63 190
63 233
63 263
63 290
64 65
64 72
64 124
64 151
64 164
64 194
64 197
64 202
64 223
64 224
64 270
65 66
65 67
65 85
65 120
65 122
65 181
65 183
65 212
65 241
65 242
65 260
65 287
65 297
66 67
66 76
66 108
66 115
66 150
66 257
66 267
66 272
66 289
67 68
67 83
67 129
67 169
67 191
67 228
67 265
67 269
68 69
68 70
68 74
68 86
68 96
68 112
68 120
68 130
68 137
68 163
68 164
68 185
68 192
68 201
68 208
68 224
68 235
68 249
68 290
69 70
69 115
69 129
69 131
69 148
69 170
69 198
69 213
69 215
69 219
69 230
69 242
69 260
69 263
69 266
69 295
70 71
70 107
70 114
70 115
70 142
70 160
70 161
70 199
70 262
70 266
71 72
71 84
71 97
71 118
71 146
71 164
71 235
71 236
71 272
71 281
72 73
72 76
72 111
72 115
72 119
72 131
72 132
72 133
72 136
72 141
72 148
72 151
72 168
72 263
73 74
73 80
73 81
73 104
73 142
73 144
73 176
73 191
73 259
74 75
74 85
74 109
74 112
74 124
74 126
74 131
74 132
74 163
74 193
74 213
74 220
74 237
74 256
75 76
75 78
75 113
75 119
75 133
75 145
75 151
75 214
76 77
76 78
76 122
76 133
76 135
76 202
76 205
76 226
76 255
76 263
76 271
76 277
76 286
77 78
77 169
77 196
77 282
77 289
78 79
78 81
78 111
78 136
78 161
78 209
78 232
78 274
78 281
78 290
79 80
79 89
79 111
79 121
79 125
79 212
79 251
79 296
80 81
80 94
80 104
80 121
80 127
80 167
80 175
80 193
80 220
80 257
80 265
81 82
81 90
81 92
81 115
81 121
81 140
81 152
81 185
81 204
81 220
81 263
81 271
81 279
81 281
81 286
81 299
82 83
82 96
82 117
82 123
82 126
82 133
82 153
82 177
82 201
82 216
82 222
82 256
82 284
82 299
83 84
83 124
83 133
83 140
83 197
83 267
83 270
83 293
84 85
84 96
84 100
84 106
84 130
84 143
84 160
84 169
84 179
84 185
84 188
84 232
84 252
84 262
84 270
84 287
85 86
85 127
85 132
85 144
85 177
85 187
85 210
85 224
86 87
86 88
86 93
86 103
86 117
86 133
86 145
86 157
86 161
86 172
86 205
86 222
86 239
86 242
86 254
86 261
86 281
87 88
87 107
87 111
87 125
87 132
87 206
87 221
87 238
87 256
88 89
88 99
88 123
88 148
88 168
88 192
88 195
88 197
88 223
88 238
88 252
88 253
88 282
88 285
89 90
89 94
89 119
89 128
89 211
89 216
89 220
89 226
89 232
89 237
89 249
89 269
89 277
89 281
89 283
90 91
90 112
90 138
90 150
90 162
90 181
90 200
90 214
90 235
90 236
90 258
90 283
90 289
91 92
91 125
91 147
91 193
91 210
91 230
91 243
91 276
91 291
92 93
92 112
92 116
92 117
92 126
92 150
92 207
92 250
93 94
93 103
93 106
93 132
93 147
93 154
93 224
93 235
93 257
93 270
94 95
94 162
94 193
94 195
94 229
94 230
94 265
94 266
94 284
94 294
95 96
95 102
95 112
95 113
95 117
95 118
95 166
95 177
95 244
95 265
95 291
95 297
96 97
96 98
96 140
96 160
96 161
96 173
96 174
96 208
96 218
96 242
96 245
96 281
96 286
96 299
97 98
97 110
97 140
97 150
97 167
97 197
97 284
98 99
98 115
98 137
98 140
98 146
98 157
98 160
98 162
98 164
98 176
98 197
98 256
98 275
98 280
99 100
99 142
99 167
99 173
99 203
99 205
99 250
99 260
100 101
100 120
100 136
100 152
100 206
100 219
100 228
100 253
100 254
100 255
101 102
101 172
101 198
101 202
101 210
101 254
101 287
101 296
102 103
102 106
102 125
102 171
102 172
102 182
102 184
102 185
102 187
102 226
102 232
102 246
102 276
103 104
103 110
103 129
103 134
103 151
103 162
103 169
103 171
103 174
103 180
103 182
103 199
103 209
103 231
103 241
103 254
104 105
104 158
104 183
104 195
104 216
104 224
104 239
104 251
104 253
104 265
104 266
105 106
105 110
105 156
105 163
105 177
105 207
105 239
105 264
105 267
105 298
106 107
106 119
106 127
106 153
106 173
106 178
106 211
106 229
106 245
106 263
106 278
106 283
106 296
107 108
107 109
107 113
107 128
107 152
107 186
107 200
107 219
107 245
107 249
107 260
107 263
108 109
108 114
108 125
108 127
108 145
108 188
108 205
108 222
108 242
108 282
108 291
109 110
109 129
109 160
109 171
109 175
109 177
109 187
109 195
109 229
109 235
109 249
109 259
109 265
109 275
109 278
109 282
110 111
110 125
110 156
110 175
110 188
110 191
110 203
110 214
110 298
111 112
111 120
111 150
111 151
111 194
111 215
111 244
111 248
111 266
112 113
112 134
112 136
112 164
112 166
112 175
112 233
112 243
112 265
112 281
113 114
113 131
113 140
113 150
113 156
113 172
113 183
113 194
113 200
113 204
113 207
113 213
113 224
113 242
113 257
113 279
113 283
114 115
114 140
114 161
114 180
114 200
114 212
114 276
114 291
115 116
115 144
115 155
115 190
115 206
115 229
115 252
115 280
115 287
115 294
116 117
116 125
116 140
116 162
116 174
116 226
116 260
116 262
116 275
116 292
116 299
117 118
117 122
117 124
117 128
117 144
117 156
117 162
117 197
117 204
117 217
117 242
117 250
117 253
117 258
117 279
117 291
117 292
117 296
118 119
118 121
118 129
118 137
118 158
118 212
118 224
118 228
118 240
118 286
118 295
118 296
118 298
119 120
119 130
119 131
119 138
119 149
119 176
119 180
119 191
119 197
119 200
119 214
119 217
119 247
119 251
119 263
119 294
120 121
120 132
120 133
120 151
120 152
120 160
120 161
120 165
120 168
120 200
120 201
120 251
120 266
120 295
121 122
121 130
121 190
121 193
121 194
121 201
121 212
121 231
121 246
121 252
121 284
121 293
122 123
122 147
122 170
122 191
122 193
122 210
122 237
122 242
122 284
123 124
123 152
123 168
123 173
123 178
123 187
123 188
123 209
123 214
123 228
123 244
123 284
123 291
124 125
124 126
124 128
124 138
124 140
124 147
124 205
124 211
124 214
124 253
124 254
124 287
124 297
125 126
125 148
125 155
125 171
125 181
125 189
125 210
125 230
126 127
126 128
126 144
126 169
126 170
126 246
126 278
127 128
127 138
127 165
127 169
127 170
127 189
127 197
127 202
127 217
127 222
127 246
127 291
128 129
128 181
128 186
128 202
128 223
128 224
128 280
129 130
129 140
129 167
129 168
129 208
129 243
129 248
129 274
129 281
130 131
130 136
130 183
130 187
130 191
130 202
130 209
130 230
130 251
130 280
130 294
131 132
131 212
131 234
131 257
131 261
131 272
132 133
132 156
132 178
132 186
132 235
132 259
132 294
132 295
133 134
133 136
133 156
133 169
133 175
133 182
133 191
133 192
133 215
133 223
133 242
133 275
133 277
133 285
133 292
133 293
134 135
134 140
134 156
134 164
134 170
134 211
134 212
134 232
134 237
134 261
134 285
134 286
134 287
134 291
135 136
135 162
135 184
135 232
135 237
135 242
136 137
136 249
136 271
136 283
136 293
137 138
137 149
137 245
137 274
137 297
138 139
138 154
138 157
138 196
138 205
138 209
138 211
138 215
138 217
138 241
138 251
139 140
139 178
139 187
139 197
139 206
139 211
139 216
139 238
139 278
140 141
140 174
140 193
140 214
140 254
140 258
140 281
141 142
141 152
141 180
141 221
141 228
141 248
141 257
141 271
141 272
141 281
142 143
142 147
142 149
142 174
142 182
142 186
142 210
142 215
142 252
142 297
142 298
143 144
143 163
143 169
143 173
143 174
143 195
143 216
143 219
143 238
143 257
143 259
143 263
143 267
144 145
144 163
144 211
145 146
145 162
145 174
145 187
145 190
145 215
145 238
146 147
146 168
146 179
146 184
146 193
146 228
146 248
146 252
146 277
147 148
147 153
147 160
147 175
147 176
147 188
147 210
147 215
147 226
147 228
147 245
147 274
148 149
148 171
148 172
148 181
148 192
148 199
148 216
148 258
149 150
149 179
149 193
149 204
149 208
149 240
149 255
149 262
149 269
149 270
149 285
149 286
150 151
150 172
150 252
151 152
151 178
151 199
151 212
151 227
151 233
152 153
152 194
152 202
152 239
152 253
153 154
153 184
153 214
153 225
153 239
153 251
153 269
154 155
154 204
154 225
154 232
154 252
154 262
155 156
155 243
155 295
156 157
156 194
156 202
156 210
156 220
156 222
156 226
156 245
157 158
157 160
157 170
157 183
157 207
157 244
157 253
157 273
157 279
158 159
158 194
158 236
158 261
158 267
158 268
158 270
158 274
159 160
159 179
159 208
159 244
159 289
159 299
160 161
160 167
160 190
160 207
160 249
160 267
160 285
160 286
161 162
161 163
161 174
161 200
161 204
161 211
161 260
161 265
161 277
161 279
162 163
162 173
162 186
162 203
163 164
163 197
163 228
163 252
163 257
163 261
163 267
163 282
164 165
164 174
164 185
164 188
164 198
164 247
164 278
165 166
165 176
165 181
165 207
165 225
165 235
165 243
165 248
165 272
166 167
166 178
166 180
166 199
166 205
166 213
166 220
166 276
166 279
167 168
167 181
167 194
167 210
167 262
167 264
168 169
168 172
168 175
168 180
168 183
168 230
168 236
168 251
169 170
169 190
169 202
169 235
169 245
169 251
169 276
170 171
170 188
170 197
170 209
170 238
170 249
170 295
170 299
171 172
171 179
171 190
171 192
171 210
171 214
171 225
171 257
171 271
171 274
172 173
172 215
172 224
172 227
172 231
172 248
172 258
172 259
172 267
172 287
172 293
173 174
173 233
173 235
173 263
173 265
174 175
174 189
174 224
174 270
174 281
175 176
175 194
175 211
175 219
175 226
175 233
175 234
176 177
176 210
176 217
176 220
176 277
176 282
176 286
177 178
177 186
177 188
177 189
177 231
177 241
177 270
177 273
177 281
177 284
177 289
177 298
178 179
178 185
178 191
178 194
178 243
178 248
178 276
179 180
179 193
179 208
179 249
179 262
179 275
179 290
179 296
180 181
180 187
180 194
180 211
181 182
181 186
181 208
181 229
181 231
181 234
181 261
181 268
181 289
181 296
182 183
182 218
182 248
183 184
183 196
183 213
183 219
183 259
183 284
184 185
184 220
184 227
184 228
184 235
184 284
184 294
185 186
185 208
185 212
185 221
185 237
185 242
185 250
186 187
186 204
186 216
186 237
186 299
187 188
187 213
187 229
187 247
187 248
187 280
187 282
188 189
188 208
188 241
188 288
189 190
190 191
190 222
190 240
190 247
190 250
190 255
190 279
191 192
191 205
191 221
191 262
191 263
191 272
191 296
192 193
192 210
192 211
192 266
193 194
193 202
193 241
193 262
193 283
194 195
194 198
194 204
194 213
194 214
194 220
194 251
194 288
194 291
194 296
195 196
195 235
195 241
196 197
196 214
196 227
196 264
197 198
197 215
197 227
197 281
197 298
198 199
198 211
198 241
198 285
198 293
198 295
199 200
199 202
199 203
199 205
199 233
199 242
199 248
199 283
199 297
199 298
200 201
200 211
200 223
200 236
200 251
200 271
200 293
201 202
201 208
201 249
201 263
201 273
201 280
201 288
202 203
202 212
202 258
202 291
203 204
203 227
203 292
204 205
204 227
204 241
204 247
204 251
204 262
204 267
204 278
204 292
204 298
204 299
205 206
205 293
206 207
206 268
206 274
206 276
206 282
206 294
207 208
207 219
207 225
207 255
207 262
208 209
208 247
208 279
209 210
209 222
209 256
210 211
210 247
210 255
210 264
210 268
210 271
211 212
211 257
212 213
212 217
212 227
212 228
212 236
212 276
212 287
213 214
213 233
213 247
214 215
214 218
214 239
214 258
214 259
214 282
215 216
215 243
215 299
216 217
216 225
216 232
216 272
216 286
216 295
217 218
217 222
217 289
218 219
218 220
218 247
218 250
219 220
219 225
219 243
219 244
219 259
219 270
220 221
220 223
220 245
220 248
220 252
220 265
221 222
221 234
221 245
221 261
221 285
222 223
222 239
222 254
222 256
222 265
222 271
223 224
223 245
223 272
223 277
224 225
224 234
224 249
224 250
224 252
224 258
224 288
225 226
225 248
225 262
225 268
225 279
225 281
225 292
226 227
226 236
226 237
226 253
226 267
226 269
227 228
227 230
227 232
227 236
227 254
227 263
228 229
228 237
228 266
228 285
229 230
230 231
230 241
230 274
230 290
231 232
231 237
231 269
231 292
231 295
231 298
232 233
232 265
232 272
232 288
233 234
233 249
233 277
233 283
233 291
234 235
234 267
235 236
235 253
236 237
236 241
236 253
236 254
236 271
236 274
237 238
237 248
237 254
237 274
237 282
238 239
238 247
238 277
238 284
238 289
239 240
239 251
240 241
240 248
240 262
241 242
241 246
241 253
241 256
241 298
242 243
242 259
243 244
243 269
243 278
243 293
244 245
244 269
244 292
245 246
246 247
246 275
246 280
247 248
247 256
247 259
247 279
247 289
247 293
248 249
248 251
248 261
248 263
248 289
249 250
250 251
250 267
251 252
251 271
252 253
252 255
252 290
252 298
253 254
253 267
253 272
253 279
253 288
254 255
254 293
255 256
255 258
256 257
256 258
257 258
257 260
257 262
257 290
258 259
259 260
259 290
259 294
259 296
260 261
260 288
260 296
261 262
261 272
261 287
262 263
262 288
262 293
262 297
263 264
263 294
263 295
264 265
264 266
265 266
265 271
265 286
265 292
265 293
266 267
266 278
266 284
266 285
266 291
267 268
267 275
267 291
267 295
268 269
268 273
269 270
269 279
269 299
270 271
271 272
271 279
271 285
272 273
272 289
272 292
273 274
274 275
275 276
275 282
276 277
276 290
277 278
277 283
278 279
278 284
278 291
278 294
279 280
279 287
279 294
280 281
280 287
280 295
280 298
281 282
282 283
283 284
283 285
284 285
284 296
285 286
285 287
285 288
285 289
285 296
286 287
287 288
287 292
287 299
288 289
289 290
289 291
290 291
291 292
292 293
293 294
294 295
295 296
296 297
297 298
298 299
