300 4869
0 1
0 299
0 5
0 35
0 40
0 53
0 66
0 85
0 87
0 94
0 99
0 111
0 112
0 118
0 125
0 126
0 128
0 129
0 134
0 147
0 155
0 156
0 187
0 188
0 207
0 224
0 226
0 230
0 259
0 261
0 268
0 273
0 287
1 2
1 21
1 23
1 29
1 32
1 33
1 44
1 60
1 66
1 85
1 91
1 114
1 121
1 134
1 139
1 150
1 155
1 167
1 169
1 178
1 183
1 197
1 209
1 217
1 224
1 225
1 234
1 237
1 242
1 258
1 267
1 273
1 299
2 3
2 6
2 14
2 30
2 38
2 47
2 51
2 72
2 82
2 115
2 117
2 120
2 121
2 132
2 135
2 141
2 146
2 187
2 201
2 211
2 214
2 220
2 222
2 225
2 229
2 234
2 251
2 274
2 276
2 281
2 282
3 4
3 19
3 23
3 27
3 28
3 32
3 34
3 45
3 46
3 53
3 83
3 85
3 92
3 100
3 105
3 123
3 134
3 135
3 142
3 145
3 146
3 169
3 174
3 175
3 178
3 192
3 200
3 219
3 220
3 237
3 269
3 273
3 276
3 284
3 291
4 5
4 25
4 28
4 38
4 47
4 50
4 53
4 57
4 63
4 83
4 85
4 95
4 98
4 103
4 111
4 126
4 127
4 131
4 136
4 138
4 145
4 179
4 191
4 200
4 210
4 222
4 229
4 230
4 233
4 234
4 241
4 244
4 252
4 272
5 6
5 8
5 15
5 19
5 31
5 43
5 49
5 52
5 53
5 56
5 60
5 62
5 71
5 72
5 73
5 83
5 87
5 94
5 103
5 106
5 131
5 140
5 141
5 156
5 161
5 163
5 168
5 185
5 194
5 196
5 202
5 203
5 205
5 208
5 210
5 213
5 219
5 223
5 229
5 230
5 243
5 251
5 254
5 258
5 260
5 268
5 270
5 275
6 7
6 28
6 32
6 33
6 37
6 40
6 41
6 42
6 47
6 53
6 54
6 55
6 62
6 66
6 82
6 88
6 92
6 98
6 110
6 118
6 120
6 140
6 161
6 162
6 205
6 207
6 213
6 224
6 233
6 236
6 255
6 274
6 275
6 287
6 294
7 8
7 11
7 18
7 21
7 42
7 47
7 58
7 87
7 92
7 108
7 112
7 114
7 122
7 128
7 139
7 157
7 168
7 174
7 175
7 178
7 203
7 214
7 219
7 259
7 268
7 289
8 9
8 14
8 21
8 36
8 42
8 52
8 53
8 55
8 58
8 75
8 83
8 86
8 92
8 102
8 104
8 109
8 120
8 128
8 143
8 155
8 158
8 167
8 186
8 202
8 203
8 208
8 210
8 214
8 218
8 227
8 234
8 243
8 245
8 257
8 284
8 293
9 10
9 21
9 23
9 46
9 48
9 52
9 60
9 62
9 67
9 72
9 77
9 78
9 81
9 116
9 124
9 134
9 138
9 141
9 168
9 176
9 178
9 185
9 188
9 197
9 213
9 216
9 226
9 228
9 249
9 274
9 278
9 281
9 285
10 11
10 65
10 79
10 89
10 104
10 145
10 188
10 208
10 215
10 228
10 236
10 237
10 243
10 247
10 250
10 251
10 271
10 280
10 297
11 12
11 13
11 15
11 23
11 27
11 31
11 33
11 45
11 49
11 52
11 62
11 68
11 72
11 80
11 84
11 97
11 113
11 115
11 132
11 146
11 164
11 173
11 184
11 204
11 217
11 237
11 243
11 247
11 253
11 257
11 258
11 260
11 266
11 292
12 13
12 18
12 33
12 41
12 50
12 67
12 77
12 78
12 103
12 107
12 122
12 127
12 130
12 134
12 155
12 157
12 161
12 183
12 189
12 191
12 200
12 213
12 215
12 219
12 222
12 229
12 231
12 232
12 244
12 245
12 249
12 256
12 259
12 261
12 262
12 279
12 281
12 283
12 287
12 289
12 291
12 292
13 14
13 24
13 25
13 30
13 40
13 43
13 60
13 63
13 78
13 97
13 118
13 121
13 131
13 139
13 146
13 148
13 167
13 170
13 194
13 197
13 200
13 206
13 211
13 216
13 217
13 223
13 240
13 247
13 254
13 256
13 257
13 274
13 279
13 293
14 15
14 20
14 22
14 27
14 29
14 42
14 48
14 50
14 54
14 60
14 70
14 80
14 86
14 90
14 115
14 124
14 129
14 136
14 137
14 138
14 150
14 159
14 162
14 164
14 191
14 212
14 233
14 240
14 241
14 245
14 246
14 261
14 267
14 284
14 289
15 16
15 20
15 26
15 36
15 47
15 57
15 60
15 66
15 88
15 109
15 110
15 111
15 119
15 126
15 142
15 143
15 155
15 157
15 167
15 227
15 244
15 256
15 270
15 283
15 290
16 17
16 23
16 26
16 54
16 59
16 62
16 67
16 68
16 77
16 79
16 90
16 105
16 107
16 109
16 122
16 138
16 144
16 147
16 163
16 167
16 185
16 206
16 219
16 226
16 228
16 237
16 240
16 267
16 281
16 289
17 18
17 47
17 49
17 53
17 64
17 72
17 82
17 83
17 92
17 93
17 103
17 117
17 118
17 120
17 125
17 131
17 138
17 144
17 153
17 161
17 179
17 184
17 216
17 219
17 220
17 224
17 239
17 242
17 247
17 262
17 294
18 19
18 21
18 29
18 31
18 39
18 54
18 62
18 77
18 80
18 103
18 106
18 111
18 133
18 136
18 137
18 167
18 168
18 177
18 184
18 186
18 187
18 195
18 245
18 255
18 258
18 266
18 274
18 285
18 289
18 297
19 20
19 22
19 29
19 32
19 37
19 46
19 52
19 59
19 78
19 82
19 86
19 91
19 99
19 122
19 125
19 131
19 138
19 160
19 181
19 192
19 195
19 198
19 214
19 255
19 260
19 267
19 269
19 270
19 284
19 289
19 291
19 299
20 21
20 25
20 34
20 50
20 62
20 74
20 77
20 79
20 82
20 86
20 93
20 95
20 100
20 108
20 121
20 143
20 147
20 162
20 166
20 200
20 201
20 207
20 214
20 233
20 240
20 245
20 285
21 22
21 23
21 24
21 28
21 31
21 37
21 38
21 49
21 53
21 56
21 63
21 64
21 66
21 71
21 84
21 103
21 119
21 120
21 123
21 142
21 155
21 159
21 193
21 198
21 208
21 210
21 216
21 222
21 246
21 265
21 267
21 276
21 292
22 23
22 33
22 54
22 61
22 64
22 77
22 86
22 102
22 112
22 143
22 144
22 145
22 150
22 162
22 170
22 189
22 193
22 197
22 200
22 207
22 208
22 214
22 223
22 234
22 246
22 250
22 251
22 254
22 293
22 297
23 24
23 26
23 30
23 33
23 35
23 50
23 83
23 89
23 93
23 101
23 110
23 115
23 123
23 124
23 133
23 135
23 137
23 163
23 171
23 172
23 176
23 177
23 187
23 193
23 195
23 196
23 198
23 208
23 217
23 222
23 248
23 250
23 267
23 268
23 279
23 287
23 289
23 291
23 298
24 25
24 34
24 38
24 46
24 66
24 69
24 73
24 76
24 102
24 113
24 120
24 138
24 150
24 151
24 156
24 162
24 170
24 177
24 180
24 194
24 205
24 225
24 233
24 234
24 248
24 252
24 260
24 282
24 289
24 290
25 26
25 31
25 50
25 54
25 61
25 79
25 119
25 150
25 152
25 154
25 166
25 170
25 190
25 194
25 195
25 200
25 202
25 216
25 220
25 223
25 233
25 245
25 255
25 260
25 264
25 273
25 284
26 27
26 29
26 32
26 34
26 39
26 40
26 60
26 69
26 79
26 88
26 90
26 97
26 100
26 124
26 126
26 129
26 140
26 144
26 145
26 168
26 169
26 172
26 173
26 176
26 194
26 196
26 198
26 211
26 213
26 214
26 216
26 229
26 234
26 243
26 244
26 246
26 263
26 264
26 265
26 268
26 275
26 287
26 296
27 28
27 41
27 42
27 54
27 63
27 65
27 79
27 92
27 105
27 129
27 139
27 165
27 170
27 173
27 174
27 184
27 187
27 192
27 197
27 202
27 219
27 235
27 238
27 255
27 285
28 29
28 40
28 62
28 63
28 74
28 75
28 84
28 91
28 93
28 107
28 113
28 125
28 163
28 180
28 187
28 205
28 212
28 216
28 230
28 231
28 237
28 238
28 254
28 266
28 296
29 30
29 31
29 43
29 56
29 59
29 66
29 70
29 74
29 91
29 101
29 108
29 125
29 152
29 157
29 163
29 164
29 170
29 172
29 205
29 250
29 251
29 261
29 262
29 281
29 284
29 297
30 31
30 39
30 43
30 48
30 52
30 60
30 64
30 67
30 81
30 93
30 97
30 138
30 159
30 166
30 176
30 179
30 194
30 214
30 216
30 222
30 230
30 234
30 239
30 246
31 32
31 43
31 56
31 59
31 64
31 68
31 84
31 100
31 103
31 111
31 122
31 138
31 155
31 166
31 168
31 182
31 183
31 190
31 195
31 227
31 231
31 239
31 244
31 270
31 292
31 293
31 298
31 299
32 33
32 34
32 40
32 52
32 72
32 93
32 115
32 137
32 142
32 144
32 145
32 157
32 165
32 205
32 209
32 210
32 213
32 225
32 233
32 251
32 271
32 273
32 287
33 34
33 41
33 56
33 58
33 61
33 67
33 83
33 101
33 105
33 109
33 111
33 120
33 123
33 124
33 140
33 148
33 153
33 162
33 190
33 191
33 220
33 222
33 231
33 244
33 246
33 257
33 264
33 275
33 286
33 288
33 298
34 35
34 41
34 55
34 79
34 81
34 82
34 101
34 120
34 121
34 127
34 129
34 140
34 157
34 192
34 213
34 225
34 252
34 260
34 264
34 282
34 283
34 291
35 36
35 42
35 43
35 56
35 64
35 80
35 92
35 103
35 109
35 125
35 141
35 143
35 177
35 186
35 189
35 192
35 196
35 219
35 227
35 244
35 245
35 261
35 272
35 275
35 280
35 282
35 289
35 299
36 37
36 38
36 60
36 62
36 89
36 95
36 98
36 101
36 130
36 133
36 176
36 184
36 194
36 206
36 238
36 241
36 260
36 265
36 276
36 286
36 299
37 38
37 52
37 56
37 111
37 137
37 148
37 153
37 160
37 171
37 186
37 226
37 238
37 250
37 272
37 279
37 282
37 294
38 39
38 73
38 76
38 80
38 98
38 102
38 108
38 121
38 135
38 142
38 143
38 166
38 172
38 186
38 197
38 203
38 238
38 245
38 247
38 274
38 275
38 279
38 282
38 283
38 298
39 40
39 57
39 61
39 72
39 83
39 89
39 90
39 106
39 110
39 117
39 154
39 155
39 157
39 168
39 169
39 204
39 208
39 211
39 222
39 234
39 239
39 245
39 261
39 267
39 270
40 41
40 42
40 49
40 52
40 60
40 66
40 67
40 84
40 91
40 114
40 115
40 121
40 125
40 130
40 135
40 139
40 165
40 181
40 195
40 201
40 208
40 209
40 216
40 237
40 243
40 259
40 267
40 274
40 281
41 42
41 55
41 68
41 70
41 80
41 83
41 90
41 95
41 109
41 123
41 132
41 135
41 153
41 160
41 161
41 162
41 171
41 194
41 197
41 224
41 228
41 232
41 234
41 249
41 255
41 256
41 286
41 287
42 43
42 57
42 60
42 64
42 65
42 69
42 72
42 87
42 101
42 112
42 116
42 139
42 149
42 153
42 158
42 161
42 183
42 185
42 197
42 199
42 207
42 216
42 229
42 242
42 250
42 280
42 296
43 44
43 62
43 71
43 72
43 78
43 87
43 92
43 101
43 122
43 124
43 138
43 154
43 169
43 182
43 205
43 211
43 215
43 226
43 237
43 238
43 239
43 244
43 247
43 253
43 259
43 270
43 285
43 290
43 291
44 45
44 52
44 63
44 65
44 71
44 76
44 79
44 82
44 86
44 90
44 95
44 96
44 99
44 107
44 119
44 130
44 140
44 150
44 159
44 167
44 184
44 187
44 224
44 231
44 237
44 253
44 255
44 258
44 260
44 275
44 278
44 282
44 288
45 46
45 53
45 62
45 76
45 84
45 91
45 111
45 117
45 126
45 133
45 136
45 150
45 158
45 171
45 178
45 224
45 236
45 275
45 282
45 289
45 292
46 47
46 61
46 70
46 89
46 93
46 107
46 108
46 109
46 118
46 135
46 138
46 152
46 164
46 183
46 190
46 192
46 202
46 203
46 204
46 222
46 226
46 227
46 248
46 249
46 264
46 269
46 271
46 273
47 48
47 49
47 53
47 61
47 64
47 95
47 102
47 130
47 135
47 159
47 168
47 171
47 191
47 198
47 201
47 207
47 208
47 238
47 239
47 246
47 258
47 292
47 296
47 298
48 49
48 55
48 59
48 63
48 64
48 65
48 70
48 95
48 101
48 109
48 120
48 123
48 126
48 127
48 129
48 130
48 147
48 148
48 175
48 178
48 221
48 225
48 226
48 227
48 244
48 245
48 246
48 258
48 263
48 270
48 272
48 284
48 291
49 50
49 56
49 68
49 112
49 139
49 141
49 143
49 160
49 174
49 179
49 186
49 195
49 211
49 223
49 227
49 241
49 242
49 254
49 263
49 268
49 271
49 276
49 294
50 51
50 56
50 72
50 93
50 95
50 109
50 113
50 135
50 137
50 143
50 154
50 159
50 169
50 172
50 176
50 178
50 180
50 211
50 215
50 221
50 227
50 228
50 244
50 246
50 251
50 266
50 267
50 299
51 52
51 54
51 63
51 66
51 70
51 85
51 116
51 140
51 154
51 155
51 159
51 175
51 176
51 188
51 189
51 195
51 197
51 202
51 212
51 219
51 222
51 227
51 228
51 258
51 260
51 278
51 279
51 295
51 297
52 53
52 61
52 69
52 73
52 76
52 77
52 85
52 88
52 118
52 129
52 147
52 166
52 182
52 196
52 197
52 198
52 215
52 216
52 218
52 220
52 224
52 254
52 256
52 266
52 268
52 278
52 291
52 296
53 54
53 57
53 59
53 75
53 89
53 100
53 119
53 123
53 138
53 155
53 159
53 168
53 169
53 172
53 174
53 222
53 230
53 241
53 244
53 253
53 259
53 264
53 270
53 280
53 285
53 287
54 55
54 61
54 81
54 90
54 93
54 94
54 106
54 113
54 119
54 124
54 125
54 128
54 142
54 145
54 151
54 167
54 172
54 187
54 191
54 212
54 217
54 231
54 236
54 240
54 272
54 273
54 284
54 286
55 56
55 58
55 61
55 66
55 68
55 73
55 74
55 75
55 85
55 89
55 90
55 105
55 119
55 120
55 126
55 127
55 139
55 151
55 190
55 192
55 197
55 214
55 217
55 220
55 224
55 226
55 228
55 232
55 239
55 259
55 262
55 266
55 269
55 270
55 271
55 283
55 286
56 57
56 63
56 68
56 70
56 90
56 100
56 111
56 128
56 137
56 141
56 143
56 146
56 152
56 156
56 157
56 159
56 173
56 191
56 212
56 214
56 215
56 221
56 230
56 241
56 250
56 256
56 261
56 272
56 279
56 284
57 58
57 65
57 68
57 78
57 103
57 123
57 145
57 147
57 151
57 157
57 158
57 198
57 199
57 204
57 209
57 210
57 216
57 249
57 251
57 254
57 255
57 261
57 275
57 278
58 59
58 64
58 79
58 96
58 102
58 116
58 120
58 128
58 157
58 163
58 189
58 195
58 226
58 237
58 249
58 261
58 263
58 290
59 60
59 68
59 74
59 81
59 92
59 96
59 112
59 122
59 128
59 134
59 157
59 164
59 166
59 176
59 179
59 192
59 193
59 198
59 211
59 212
59 225
59 236
59 237
59 239
59 240
59 246
59 267
59 282
60 61
60 73
60 74
60 76
60 79
60 96
60 99
60 104
60 116
60 118
60 121
60 122
60 140
60 147
60 173
60 176
60 185
60 190
60 203
60 222
60 227
60 230
60 231
60 237
60 242
60 259
60 266
60 269
60 292
60 296
61 62
61 78
61 105
61 106
61 117
61 139
61 141
61 156
61 158
61 182
61 185
61 188
61 197
61 203
61 225
61 232
61 236
61 245
61 249
61 256
61 262
61 298
62 63
62 66
62 70
62 72
62 76
62 81
62 98
62 109
62 112
62 122
62 124
62 125
62 130
62 142
62 157
62 159
62 165
62 173
62 183
62 193
62 219
62 220
62 222
62 230
62 239
62 244
62 266
62 270
62 284
63 64
63 72
63 77
63 94
63 112
63 116
63 141
63 148
63 156
63 158
63 166
63 174
63 179
63 183
63 205
63 218
63 230
63 237
63 245
63 270
63 272
63 283
64 65
64 78
64 86
64 95
64 96
64 98
64 106
64 113
64 129
64 131
64 137
64 159
64 183
64 202
64 207
64 242
64 243
64 249
64 252
64 257
64 265
64 287
64 291
64 297
64 299
65 66
65 76
65 82
65 90
65 95
65 105
65 106
65 115
65 116
65 117
65 118
65 130
65 143
65 154
65 178
65 181
65 188
65 191
65 214
65 231
65 238
65 246
65 247
65 252
65 253
65 261
65 277
65 283
65 295
66 67
66 72
66 78
66 93
66 96
66 97
66 110
66 125
66 126
66 143
66 162
66 163
66 164
66 165
66 187
66 202
66 213
66 220
66 227
66 242
66 249
66 255
66 272
66 273
66 274
66 298
67 68
67 80
67 81
67 105
67 124
67 131
67 133
67 134
67 139
67 144
67 151
67 167
67 172
67 179
67 180
67 187
67 188
67 189
67 225
67 242
67 248
67 249
67 278
67 293
67 299
68 69
68 85
68 101
68 126
68 150
68 151
68 168
68 170
68 173
68 192
68 205
68 214
68 229
68 246
68 270
68 274
69 70
69 79
69 86
69 87
69 89
69 99
69 102
69 108
69 118
69 119
69 131
69 151
69 153
69 156
69 160
69 168
69 174
69 188
69 190
69 198
69 203
69 204
69 209
69 235
69 266
69 275
69 294
69 296
70 71
70 72
70 75
70 84
70 94
70 95
70 109
70 110
70 121
70 123
70 132
70 136
70 156
70 163
70 173
70 177
70 180
70 181
70 186
70 221
70 230
70 234
70 235
70 260
70 262
70 269
70 270
70 279
70 281
70 284
70 294
71 72
71 75
71 76
71 78
71 81
71 85
71 100
71 108
71 111
71 118
71 122
71 124
71 128
71 143
71 152
71 154
71 159
71 167
71 183
71 195
71 202
71 214
71 216
71 219
71 238
71 256
71 263
71 287
71 299
72 73
72 79
72 111
72 117
72 120
72 124
72 134
72 140
72 149
72 157
72 159
72 161
72 168
72 177
72 179
72 202
72 205
72 220
72 250
72 252
72 266
72 274
73 74
73 80
73 86
73 90
73 94
73 114
73 117
73 124
73 126
73 149
73 152
73 154
73 157
73 162
73 167
73 189
73 195
73 204
73 213
73 216
73 240
73 262
73 263
73 264
73 275
73 277
73 280
73 285
73 287
73 290
74 75
74 90
74 95
74 107
74 113
74 129
74 154
74 161
74 171
74 178
74 190
74 192
74 193
74 200
74 210
74 212
74 219
74 221
74 239
74 244
74 248
74 255
74 276
74 278
74 282
74 286
74 290
75 76
75 85
75 105
75 108
75 113
75 121
75 123
75 143
75 153
75 154
75 155
75 159
75 173
75 197
75 200
75 203
75 208
75 212
75 222
75 225
75 247
75 258
75 266
75 298
76 77
76 88
76 104
76 116
76 117
76 135
76 138
76 150
76 157
76 160
76 181
76 199
76 203
76 208
76 220
76 223
76 241
76 244
76 252
76 259
76 262
76 280
76 283
76 287
76 288
76 297
77 78
77 116
77 125
77 126
77 127
77 153
77 161
77 176
77 177
77 185
77 189
77 192
77 207
77 216
77 220
77 254
77 264
77 265
77 276
77 296
77 299
78 79
78 82
78 87
78 100
78 115
78 128
78 133
78 147
78 165
78 166
78 185
78 199
78 222
78 236
78 251
78 256
78 261
78 278
78 295
78 299
79 80
79 93
79 103
79 111
79 112
79 143
79 147
79 150
79 154
79 170
79 173
79 177
79 191
79 198
79 212
79 214
79 222
79 237
79 254
79 258
79 259
79 263
79 268
79 276
79 290
80 81
80 89
80 112
80 127
80 132
80 136
80 144
80 148
80 152
80 159
80 162
80 181
80 199
80 201
80 215
80 216
80 227
80 230
80 233
80 237
80 243
80 244
80 250
80 254
80 261
80 262
80 272
80 277
80 280
80 285
80 291
80 298
81 82
81 98
81 101
81 112
81 125
81 129
81 144
81 150
81 154
81 159
81 171
81 185
81 188
81 195
81 197
81 219
81 220
81 231
81 272
81 283
81 288
81 293
81 294
81 298
82 83
82 106
82 108
82 123
82 126
82 136
82 138
82 145
82 150
82 163
82 165
82 175
82 180
82 181
82 187
82 192
82 209
82 216
82 224
82 241
82 242
82 243
82 246
82 259
82 262
82 263
82 287
83 84
83 87
83 101
83 105
83 114
83 116
83 128
83 133
83 145
83 155
83 160
83 163
83 164
83 200
83 212
83 239
83 261
83 264
83 271
83 276
83 283
83 295
84 85
84 107
84 114
84 115
84 123
84 126
84 136
84 143
84 176
84 182
84 220
84 232
84 244
84 248
84 251
84 252
84 266
84 273
84 277
84 280
84 286
84 294
84 297
85 86
85 91
85 93
85 99
85 122
85 131
85 142
85 146
85 186
85 207
85 216
85 217
85 222
85 225
85 252
85 259
85 265
85 268
85 273
85 282
86 87
86 88
86 96
86 101
86 115
86 120
86 128
86 129
86 136
86 144
86 149
86 158
86 168
86 196
86 220
86 231
86 241
86 255
86 289
87 88
87 92
87 98
87 103
87 105
87 106
87 110
87 117
87 150
87 156
87 158
87 166
87 216
87 221
87 222
87 243
87 257
87 262
87 268
87 271
87 276
87 280
87 281
87 295
88 89
88 91
88 99
88 121
88 123
88 155
88 175
88 179
88 183
88 190
88 209
88 242
88 263
88 280
88 291
89 90
89 91
89 103
89 104
89 117
89 118
89 119
89 123
89 124
89 125
89 135
89 142
89 150
89 157
89 173
89 178
89 210
89 219
89 223
89 225
89 232
89 233
89 238
89 248
89 254
89 258
89 283
89 284
90 91
90 95
90 97
90 110
90 122
90 125
90 127
90 128
90 130
90 139
90 152
90 161
90 164
90 170
90 186
90 189
90 198
90 232
90 242
90 250
90 251
90 269
90 274
90 275
90 285
90 291
91 92
91 95
91 96
91 104
91 110
91 126
91 137
91 144
91 145
91 153
91 167
91 186
91 189
91 196
91 216
91 219
91 226
91 244
91 272
91 277
91 289
91 295
92 93
92 97
92 110
92 129
92 143
92 154
92 161
92 167
92 169
92 170
92 222
92 237
92 239
92 247
92 252
92 261
92 277
92 284
92 289
93 94
93 132
93 135
93 142
93 150
93 166
93 186
93 196
93 201
93 222
93 233
93 234
93 242
93 253
93 256
93 259
93 274
93 288
93 298
94 95
94 96
94 103
94 104
94 114
94 130
94 135
94 143
94 147
94 148
94 177
94 207
94 216
94 217
94 220
94 227
94 229
94 234
94 260
94 266
94 270
94 272
94 288
94 289
94 292
94 294
95 96
95 100
95 108
95 114
95 126
95 128
95 132
95 140
95 160
95 165
95 179
95 198
95 206
95 219
95 220
95 224
95 228
95 244
95 247
95 256
95 264
95 267
95 286
96 97
96 98
96 102
96 106
96 115
96 125
96 134
96 151
96 168
96 171
96 177
96 212
96 223
96 229
96 233
96 235
96 240
96 241
96 254
96 282
96 287
96 294
96 296
96 298
97 98
97 107
97 124
97 132
97 135
97 139
97 140
97 141
97 142
97 153
97 172
97 184
97 196
97 225
97 235
97 237
97 249
97 252
97 258
97 271
97 274
97 275
97 290
98 99
98 101
98 113
98 116
98 129
98 130
98 148
98 156
98 157
98 158
98 170
98 179
98 189
98 234
98 244
98 245
98 258
98 273
98 276
99 100
99 112
99 120
99 136
99 150
99 156
99 159
99 167
99 177
99 191
99 216
99 224
99 225
99 230
99 246
99 263
99 278
99 279
100 101
100 128
100 141
100 144
100 168
100 239
100 242
100 245
100 256
100 273
100 285
101 102
101 124
101 133
101 143
101 174
101 191
101 199
101 218
101 220
101 236
101 245
101 246
101 258
101 269
101 294
101 297
102 103
102 106
102 107
102 131
102 133
102 135
102 142
102 154
102 157
102 170
102 172
102 173
102 177
102 199
102 204
102 206
102 213
102 238
102 245
102 247
102 254
102 263
102 269
102 293
102 295
103 104
103 106
103 121
103 122
103 124
103 125
103 133
103 135
103 137
103 141
103 173
103 191
103 213
103 215
103 224
103 235
103 253
103 277
103 284
103 293
104 105
104 139
104 141
104 176
104 207
104 227
104 229
104 232
104 241
104 252
104 253
104 254
104 264
104 280
104 289
105 106
105 109
105 111
105 114
105 116
105 128
105 143
105 158
105 179
105 185
105 199
105 200
105 204
105 207
105 228
105 232
105 236
105 243
105 253
105 257
105 259
105 260
105 267
105 277
105 281
105 288
106 107
106 143
106 173
106 204
106 210
106 242
106 244
106 246
106 261
106 290
106 292
106 297
107 108
107 112
107 114
107 116
107 128
107 147
107 153
107 164
107 195
107 210
107 225
107 253
107 264
107 273
107 284
107 294
108 109
108 136
108 142
108 150
108 166
108 207
108 210
108 219
108 234
108 242
108 266
108 274
108 288
108 291
108 298
109 110
109 111
109 116
109 120
109 157
109 166
109 175
109 210
109 235
109 254
109 263
109 281
110 111
110 115
110 134
110 147
110 157
110 175
110 192
110 200
110 236
110 256
110 266
110 270
110 284
111 112
111 116
111 121
111 156
111 161
111 175
111 179
111 190
111 198
111 199
111 205
111 210
111 212
111 215
111 242
111 254
111 258
111 282
112 113
112 119
112 129
112 140
112 154
112 161
112 177
112 182
112 192
112 206
112 214
112 229
112 252
112 263
112 270
112 271
112 275
112 297
113 114
113 133
113 140
113 145
113 172
113 190
113 204
113 218
113 224
113 229
113 238
113 244
113 248
113 263
113 292
113 294
114 115
114 117
114 129
114 137
114 153
114 180
114 185
114 190
114 204
114 209
114 243
114 244
114 255
114 261
114 271
114 294
114 296
115 116
115 118
115 123
115 124
115 133
115 143
115 154
115 157
115 175
115 184
115 194
115 203
115 217
115 226
115 247
115 250
115 258
115 261
115 273
115 292
115 293
115 296
116 117
116 119
116 127
116 132
116 146
116 156
116 171
116 173
116 199
116 216
116 217
116 218
116 223
116 225
116 226
116 231
116 238
116 244
116 254
116 258
116 271
116 275
116 277
116 280
116 282
116 285
116 286
116 293
116 297
117 118
117 122
117 140
117 152
117 180
117 187
117 192
117 200
117 203
117 217
117 226
117 234
117 268
118 119
118 126
118 140
118 144
118 155
118 161
118 164
118 168
118 176
118 177
118 178
118 181
118 204
118 222
118 229
118 243
118 245
118 256
118 268
118 270
118 289
118 299
119 120
119 123
119 133
119 138
119 142
119 145
119 167
119 171
119 193
119 194
119 197
119 208
119 211
119 215
119 217
119 220
119 230
119 237
119 239
119 251
119 254
119 263
119 292
119 294
119 297
120 121
120 124
120 125
120 132
120 143
120 171
120 185
120 194
120 216
120 220
120 245
120 249
120 258
120 270
120 271
120 295
121 122
121 124
121 135
121 137
121 140
121 154
121 215
121 218
121 219
121 235
121 246
121 256
121 270
121 274
121 277
121 280
122 123
122 155
122 157
122 159
122 175
122 186
122 193
122 194
122 203
122 211
122 218
122 227
122 229
122 231
122 234
122 266
122 282
122 285
122 295
122 297
122 298
122 299
123 124
123 137
123 138
123 142
123 147
123 160
123 161
123 172
123 178
123 181
123 189
123 206
123 212
123 218
123 244
123 249
123 253
123 260
123 264
123 268
123 271
123 296
123 298
124 125
124 133
124 142
124 164
124 169
124 171
124 191
124 218
124 240
124 246
124 257
124 262
124 263
124 267
124 277
124 281
124 282
124 288
124 292
125 126
125 132
125 153
125 159
125 160
125 161
125 166
125 171
125 173
125 176
125 189
125 191
125 193
125 204
125 208
125 229
125 235
125 236
125 272
125 278
125 282
125 293
125 295
126 127
126 133
126 134
126 135
126 149
126 151
126 158
126 167
126 171
126 177
126 185
126 200
126 201
126 227
126 251
126 283
126 287
126 299
127 128
127 134
127 147
127 156
127 163
127 183
127 192
127 206
127 209
127 212
127 226
127 233
127 241
127 294
127 295
128 129
128 134
128 139
128 144
128 173
128 194
128 200
128 204
128 217
128 221
128 222
128 229
128 232
128 243
128 280
128 282
129 130
129 174
129 182
129 183
129 215
129 219
129 227
129 232
129 241
129 255
129 258
129 261
129 265
129 286
129 298
130 131
130 143
130 162
130 165
130 171
130 195
130 207
130 221
130 249
130 255
130 265
130 269
130 275
130 294
131 132
131 145
131 162
131 176
131 182
131 183
131 196
131 211
131 212
131 213
131 227
131 233
131 252
131 256
131 277
131 281
131 292
131 294
131 296
132 133
132 139
132 148
132 154
132 171
132 181
132 183
132 200
132 211
132 215
132 217
132 223
132 248
132 253
132 255
132 296
132 299
133 134
133 138
133 140
133 148
133 149
133 155
133 170
133 180
133 187
133 193
133 199
133 201
133 209
133 213
133 215
133 226
133 232
133 243
133 247
133 250
133 251
133 254
133 258
133 262
133 263
133 280
133 287
133 289
134 135
134 137
134 138
134 147
134 151
134 152
134 153
134 157
134 172
134 176
134 185
134 186
134 193
134 214
134 240
134 274
134 275
134 279
134 280
134 283
134 294
135 136
135 141
135 158
135 163
135 184
135 192
135 194
135 211
135 217
135 218
135 221
135 233
135 237
135 243
135 271
135 273
135 286
135 287
135 291
136 137
136 144
136 159
136 161
136 169
136 172
136 173
136 188
136 196
136 218
136 221
136 223
136 229
136 233
136 248
136 253
136 281
136 287
136 295
136 298
137 138
137 146
137 193
137 205
137 208
137 214
137 216
137 217
137 258
137 260
137 272
137 273
137 287
138 139
138 172
138 176
138 178
138 181
138 205
138 211
138 222
138 239
138 260
138 270
138 277
138 279
138 294
139 140
139 168
139 174
139 194
139 197
139 204
139 210
139 217
139 230
139 241
139 245
139 254
139 256
139 260
139 261
139 262
139 285
139 291
140 141
140 144
140 151
140 167
140 178
140 197
140 240
140 242
140 244
140 246
140 268
140 272
140 282
140 284
140 286
140 290
140 292
141 142
141 159
141 172
141 181
141 197
141 205
141 225
141 243
141 248
141 256
141 258
141 260
141 280
141 287
142 143
142 154
142 196
142 225
142 226
142 228
142 234
142 241
142 242
142 249
142 255
142 258
142 259
142 262
142 264
142 269
142 294
143 144
143 147
143 150
143 153
143 168
143 174
143 178
143 181
143 182
143 196
143 211
143 235
143 252
144 145
144 156
144 160
144 173
144 174
144 185
144 187
144 189
144 193
144 194
144 204
144 213
144 217
144 225
144 231
144 236
144 238
144 246
144 248
144 258
144 273
144 274
144 281
144 295
145 146
145 154
145 167
145 184
145 204
145 205
145 211
145 220
145 222
145 228
145 234
145 236
145 241
145 252
145 257
145 259
145 276
145 290
146 147
146 153
146 154
146 166
146 180
146 211
146 214
146 217
146 219
146 221
146 239
146 253
146 258
146 273
146 277
146 289
147 148
147 149
147 157
147 158
147 163
147 170
147 174
147 196
147 202
147 238
147 242
147 245
147 252
147 258
147 266
147 272
147 274
147 277
147 280
147 286
147 299
148 149
148 182
148 236
148 251
148 262
148 273
148 291
148 297
149 150
149 162
149 176
149 198
149 200
149 217
149 231
149 238
149 243
149 250
149 252
149 270
149 271
149 273
149 275
150 151
150 154
150 155
150 172
150 173
150 178
150 183
150 184
150 211
150 212
150 215
150 221
150 231
150 236
150 252
150 257
150 268
150 281
151 152
151 157
151 162
151 166
151 184
151 190
151 197
151 199
151 207
151 214
151 224
151 234
151 236
151 244
151 247
151 261
151 262
151 265
151 268
151 281
151 296
152 153
152 154
152 176
152 179
152 197
152 217
152 219
152 223
152 233
152 244
152 265
152 292
153 154
153 165
153 166
153 181
153 190
153 193
153 205
153 217
153 221
153 238
153 239
153 240
153 248
153 252
153 256
153 258
153 263
153 272
153 286
154 155
154 179
154 183
154 199
154 214
154 234
154 253
154 254
154 263
154 268
154 269
154 275
154 277
154 289
155 156
155 158
155 162
155 196
155 234
155 237
155 245
155 254
155 279
155 284
155 297
156 157
156 162
156 169
156 185
156 192
156 200
156 245
156 246
156 252
156 256
156 278
156 280
156 298
157 158
157 160
157 162
157 166
157 180
157 213
157 225
157 231
157 237
157 241
157 255
157 257
157 261
157 291
158 159
158 165
158 177
158 181
158 187
158 192
158 193
158 214
158 218
158 224
158 225
158 243
158 264
158 269
158 270
158 271
158 275
158 287
159 160
159 184
159 190
159 193
159 197
159 231
159 238
159 259
159 264
159 272
159 283
159 297
160 161
160 195
160 203
160 214
160 218
160 234
160 250
160 255
160 263
160 273
160 276
160 279
160 282
160 287
160 292
161 162
161 167
161 172
161 173
161 177
161 187
161 200
161 216
161 225
161 233
161 235
161 240
161 244
161 262
161 274
161 279
161 294
162 163
162 164
162 168
162 176
162 181
162 198
162 200
162 201
162 204
162 227
162 231
162 232
162 245
162 248
162 253
162 256
162 298
163 164
163 175
163 182
163 204
163 214
163 218
163 228
163 232
163 261
163 264
163 266
163 271
163 273
163 278
163 296
164 165
164 204
164 207
164 215
164 218
164 255
164 270
164 276
164 289
164 295
165 166
165 173
165 175
165 180
165 189
165 218
165 224
165 228
165 251
165 263
165 271
165 279
165 293
166 167
166 192
166 195
166 211
166 214
166 221
166 238
166 247
166 249
166 263
166 273
166 274
166 275
166 285
166 289
166 294
167 168
167 176
167 178
167 179
167 202
167 212
167 219
167 224
167 232
167 245
167 246
167 249
167 251
167 295
167 296
168 169
168 198
168 210
168 211
168 236
168 248
168 258
168 269
168 275
168 285
169 170
169 175
169 214
169 226
169 227
169 228
169 230
169 242
169 251
169 253
169 268
169 291
169 295
169 298
170 171
170 191
170 196
170 198
170 206
170 209
170 216
170 219
170 221
170 227
170 236
170 250
170 254
170 256
170 267
170 271
171 172
171 174
171 178
171 183
171 201
171 204
171 216
171 220
171 226
171 229
171 262
171 267
171 273
171 277
171 291
171 292
172 173
172 179
172 185
172 197
172 200
172 204
172 220
172 234
172 235
172 251
172 252
172 266
172 273
172 278
172 282
172 288
173 174
173 178
173 204
173 220
173 251
173 253
173 257
173 262
173 286
173 288
174 175
174 176
174 179
174 188
174 215
174 217
174 222
174 226
174 227
174 231
174 238
174 239
174 254
174 269
174 279
174 292
174 293
175 176
175 177
175 187
175 194
175 195
175 208
175 220
175 229
175 231
175 234
175 235
175 242
175 246
175 266
175 267
175 283
176 177
176 186
176 188
176 203
176 217
176 226
176 230
176 231
176 233
176 243
176 246
176 273
176 279
176 289
177 178
177 192
177 204
177 205
177 231
177 232
177 254
177 265
177 266
177 273
177 274
177 277
177 283
177 295
177 297
177 298
178 179
178 189
178 190
178 219
178 221
178 239
178 242
178 243
178 262
178 283
178 297
178 298
179 180
179 184
179 204
179 212
179 215
179 218
179 222
179 228
179 239
179 252
179 258
179 274
179 275
179 280
179 286
180 181
180 203
180 204
180 268
180 271
180 276
180 281
180 286
180 288
180 289
180 294
181 182
181 200
181 206
181 207
181 215
181 219
181 220
181 235
181 245
181 255
181 265
181 272
181 281
181 283
181 287
181 290
182 183
182 193
182 202
182 210
182 217
182 239
182 243
182 247
182 272
182 274
182 284
182 287
183 184
183 188
183 202
183 219
183 222
183 223
183 232
183 235
183 247
183 252
183 297
184 185
184 191
184 204
184 221
184 224
184 227
184 231
184 233
184 236
184 237
184 239
184 246
184 252
184 255
184 256
184 272
184 278
184 280
184 291
185 186
185 195
185 212
185 216
185 239
185 253
185 257
185 265
185 267
185 295
186 187
186 189
186 204
186 205
186 214
186 218
186 219
186 222
186 224
186 229
186 239
186 252
186 253
186 262
186 273
186 276
186 295
187 188
187 190
187 196
187 198
187 205
187 207
187 225
187 250
187 253
187 268
187 284
187 292
188 189
188 192
188 196
188 219
188 224
188 237
188 241
188 245
188 259
188 266
188 272
188 283
188 286
188 291
188 295
188 296
189 190
189 204
189 213
189 219
189 269
189 272
189 278
190 191
190 192
190 216
190 224
190 233
190 274
190 284
190 289
191 192
191 196
191 213
191 215
191 216
191 220
191 237
191 243
191 251
191 269
191 272
191 275
191 296
191 297
191 299
192 193
192 196
192 211
192 233
192 240
192 247
192 258
192 279
192 291
193 194
193 225
193 241
193 246
193 250
193 266
193 273
193 281
193 286
194 195
194 197
194 207
194 209
194 212
194 217
194 230
194 237
194 241
194 246
194 250
194 251
194 253
194 273
194 291
195 196
195 200
195 203
195 212
195 214
195 215
195 230
195 239
195 254
195 256
195 261
195 277
196 197
196 211
196 214
196 249
196 262
196 288
197 198
197 200
197 210
197 219
197 234
197 243
197 246
197 265
197 284
197 295
198 199
198 201
198 208
198 212
198 224
198 226
198 235
198 255
198 266
198 274
198 277
198 296
199 200
199 204
199 211
199 218
199 221
199 225
199 257
199 282
199 289
199 299
200 201
200 225
200 227
200 234
200 240
200 253
200 257
200 277
200 278
200 283
200 296
200 297
201 202
201 216
201 220
201 221
201 226
201 242
201 258
201 287
201 297
202 203
202 213
202 218
202 219
202 230
202 241
202 270
202 287
203 204
203 208
203 237
203 248
203 249
203 261
203 265
203 288
204 205
204 222
204 231
204 236
204 246
204 251
204 277
204 287
205 206
205 211
205 217
205 219
205 242
205 256
205 259
205 264
205 266
205 271
205 277
205 285
205 289
205 293
206 207
206 214
206 216
206 249
206 253
206 254
206 256
206 264
206 265
206 270
206 277
206 282
206 289
206 297
207 208
207 233
207 247
207 260
207 261
207 264
207 274
207 293
207 294
208 209
208 215
208 232
208 238
208 248
208 276
208 294
208 299
209 210
209 217
209 219
209 221
209 257
209 273
209 279
209 280
210 211
210 215
210 216
210 218
210 224
210 248
210 280
210 283
210 287
211 212
211 219
211 225
211 230
211 238
211 250
211 261
212 213
212 214
212 235
212 248
212 256
212 262
212 264
212 268
212 291
213 214
213 228
213 229
213 235
213 247
213 248
213 261
213 263
213 267
213 292
213 298
214 215
214 222
214 225
214 239
214 242
214 266
214 268
214 287
214 289
215 216
215 233
215 234
215 237
215 242
215 267
215 271
215 276
215 277
215 278
216 217
216 223
216 226
216 230
216 233
216 248
216 250
216 264
216 270
216 283
216 296
217 218
217 235
217 253
217 254
217 259
217 285
218 219
218 222
218 223
218 224
218 226
218 233
218 238
218 243
218 245
218 254
218 255
218 277
219 220
219 225
219 242
219 245
219 257
219 264
219 271
219 288
220 221
220 231
220 246
220 264
220 282
221 222
221 241
221 242
221 251
221 270
221 278
221 290
222 223
222 227
222 230
222 236
222 238
222 256
222 260
222 262
222 267
222 280
222 291
222 292
222 293
223 224
223 225
223 251
223 253
223 264
223 284
223 291
223 297
224 225
224 232
224 233
224 234
224 236
224 243
224 244
224 249
224 250
224 253
224 261
224 265
224 283
225 226
225 227
225 228
225 290
225 291
225 294
226 227
226 229
226 241
226 249
226 254
226 256
226 261
226 263
226 273
226 274
226 276
226 292
226 297
226 299
227 228
227 236
227 240
227 275
227 287
227 299
228 229
228 247
228 275
228 279
228 281
228 283
228 298
228 299
229 230
229 243
229 262
229 263
229 268
229 274
229 289
230 231
230 252
230 256
230 266
230 273
230 296
231 232
231 234
231 246
231 247
231 261
231 272
231 288
232 233
232 241
232 249
232 253
232 255
232 259
232 270
232 271
232 289
232 295
232 296
233 234
233 248
233 257
233 260
233 277
233 282
233 296
233 299
234 235
234 237
234 240
234 252
234 261
234 266
234 281
234 287
234 293
235 236
235 243
235 268
235 270
235 291
235 293
235 295
236 237
236 260
236 273
236 274
236 287
237 238
237 244
237 251
237 258
237 265
237 267
237 268
237 269
237 270
237 281
237 282
237 291
238 239
238 240
238 267
238 269
238 274
238 283
239 240
239 256
239 267
239 272
239 277
239 280
239 288
239 293
239 297
239 298
240 241
240 244
240 251
240 257
240 261
240 272
240 278
240 279
240 281
240 286
240 289
240 297
241 242
241 247
241 251
241 255
241 264
241 268
241 271
241 279
241 285
241 293
242 243
242 250
242 256
242 262
242 264
242 278
242 283
243 244
243 253
243 259
243 260
243 263
243 270
243 277
243 280
243 285
243 294
243 299
244 245
244 251
244 254
244 258
244 272
244 273
244 282
244 285
244 286
244 289
244 294
245 246
245 270
245 272
245 279
245 280
245 282
245 289
246 247
246 288
246 290
246 296
247 248
247 253
247 260
247 277
247 278
247 296
248 249
248 264
248 267
248 276
249 250
249 251
249 260
249 266
249 274
249 291
250 251
250 258
250 289
250 296
251 252
251 256
251 270
251 279
251 297
252 253
252 254
252 258
253 254
253 266
253 271
253 276
253 286
253 298
254 255
254 259
254 260
254 267
254 281
254 284
255 256
255 273
255 286
256 257
256 258
256 259
256 284
256 287
256 292
257 258
257 265
257 275
257 279
257 280
257 289
257 293
257 298
258 259
258 262
258 266
258 275
258 278
258 296
259 260
260 261
260 267
260 271
260 286
261 262
261 269
261 275
261 284
261 286
262 263
262 286
262 298
263 264
263 290
263 292
263 294
264 265
264 299
265 266
265 273
266 267
266 280
267 268
267 271
267 276
267 281
267 288
267 290
267 292
267 296
267 299
268 269
269 270
269 272
269 276
269 288
269 299
270 271
270 281
270 289
270 290
271 272
272 273
272 282
272 293
273 274
274 275
275 276
275 288
276 277
276 278
276 292
277 278
277 288
277 291
277 294
278 279
278 280
278 284
278 293
279 280
280 281
280 299
281 282
281 284
281 299
282 283
282 285
282 286
282 288
282 291
283 284
283 298
284 285
284 286
284 289
285 286
285 298
286 287
286 289
286 297
286 298
287 288
287 292
287 293
288 289
289 290
289 291
290 291
290 295
291 292
292 293
292 297
293 294
294 295
295 296
296 297
297 298
297 299
298 299
