300 767
0 1
0 299
0 3
0 50
0 73
0 93
0 123
0 177
0 199
0 205
1 2
1 5
1 74
1 175
1 187
2 3
2 90
2 97
2 263
2 267
3 4
3 73
3 217
3 235
4 5
4 163
4 228
5 6
5 90
5 176
5 270
6 7
6 87
6 212
6 275
7 8
7 171
8 9
8 256
9 10
9 278
10 11
10 44
11 12
11 74
11 117
11 238
12 13
12 196
13 14
13 74
13 212
13 281
14 15
14 58
14 116
14 127
14 130
14 212
14 225
14 233
14 241
15 16
15 245
15 250
16 17
16 37
16 84
16 181
16 275
17 18
17 27
17 126
17 199
17 259
18 19
18 35
18 98
18 154
18 216
18 249
19 20
20 21
20 37
20 275
21 22
21 141
21 194
22 23
22 37
22 38
22 216
23 24
23 124
23 197
23 210
24 25
24 120
24 175
24 179
24 215
25 26
25 47
25 145
25 283
26 27
26 36
26 161
26 190
26 252
26 266
27 28
27 297
28 29
28 126
28 198
29 30
29 90
29 131
29 288
30 31
30 67
30 265
31 32
31 231
31 240
31 279
31 288
31 290
32 33
32 34
32 100
32 159
32 218
32 262
33 34
33 73
33 184
33 230
33 258
34 35
34 272
35 36
35 78
35 215
36 37
36 200
36 261
37 38
37 129
37 218
37 230
37 285
38 39
38 58
38 136
38 140
38 141
39 40
39 73
39 155
39 201
39 212
40 41
40 109
40 229
40 275
41 42
41 106
42 43
42 121
42 200
43 44
43 211
44 45
44 174
45 46
45 49
45 75
45 130
45 205
45 290
46 47
46 92
46 122
46 214
47 48
47 126
47 197
47 297
48 49
48 101
48 103
48 169
48 245
49 50
49 190
49 220
50 51
50 201
50 268
51 52
52 53
52 76
53 54
53 66
54 55
54 92
54 104
54 227
54 254
55 56
55 199
55 256
56 57
56 63
56 92
56 94
56 114
56 172
56 211
56 227
56 258
57 58
57 135
57 194
57 203
57 259
58 59
59 60
59 187
60 61
60 136
61 62
61 121
61 252
61 266
62 63
62 75
62 82
62 125
62 141
62 176
62 286
63 64
63 145
63 158
63 165
63 220
63 245
63 247
63 265
64 65
64 184
64 249
65 66
65 174
65 268
65 289
66 67
66 123
66 148
66 152
66 222
66 297
67 68
67 103
67 225
68 69
68 130
68 241
68 281
69 70
69 110
69 117
69 166
69 223
70 71
70 131
70 299
71 72
71 173
71 230
71 292
72 73
72 114
72 128
72 189
73 74
73 95
73 248
73 269
73 271
74 75
74 150
74 158
74 252
75 76
75 143
75 154
76 77
76 191
76 201
76 229
77 78
77 143
77 237
78 79
78 96
79 80
79 105
79 113
79 158
79 232
80 81
80 256
81 82
81 164
81 291
82 83
82 185
83 84
84 85
85 86
85 125
85 149
85 189
85 257
85 283
86 87
86 137
86 171
86 254
86 261
87 88
87 114
87 115
88 89
89 90
89 144
89 163
89 220
90 91
90 201
90 280
91 92
92 93
92 169
92 291
93 94
93 226
93 229
94 95
95 96
96 97
96 124
97 98
97 268
98 99
98 133
98 186
98 256
99 100
99 200
99 203
99 264
100 101
100 117
101 102
102 103
102 137
103 104
103 289
104 105
104 171
104 202
104 266
105 106
105 286
106 107
106 240
107 108
107 112
107 146
107 162
108 109
108 167
108 207
109 110
109 260
110 111
110 203
110 205
110 295
111 112
111 200
112 113
112 263
113 114
114 115
114 298
115 116
115 127
116 117
116 173
116 230
116 291
117 118
117 131
117 228
117 237
118 119
118 182
119 120
119 185
120 121
120 134
120 141
120 151
121 122
121 123
121 222
121 247
122 123
122 185
122 219
123 124
123 149
123 167
123 262
124 125
124 249
124 294
125 126
125 163
126 127
127 128
127 147
127 189
127 279
127 294
128 129
128 186
129 130
130 131
130 149
130 186
130 190
130 218
130 232
130 252
131 132
131 206
132 133
133 134
134 135
134 141
134 163
134 218
134 238
135 136
135 214
135 225
136 137
136 150
136 174
136 289
137 138
137 142
137 177
138 139
138 197
139 140
139 293
140 141
140 156
140 163
140 200
140 226
141 142
141 232
142 143
143 144
143 283
144 145
144 178
144 220
144 226
144 245
145 146
145 218
146 147
146 210
147 148
147 172
148 149
149 150
149 218
149 277
150 151
150 176
150 267
150 275
150 278
151 152
151 233
152 153
153 154
153 180
154 155
155 156
156 157
156 223
157 158
157 179
157 186
158 159
158 206
158 210
159 160
159 263
160 161
161 162
161 200
161 271
161 283
162 163
162 168
162 240
163 164
164 165
164 174
165 166
165 183
165 208
165 271
166 167
166 191
167 168
167 219
167 222
167 271
168 169
168 180
168 236
169 170
170 171
170 299
171 172
171 237
172 173
172 260
173 174
173 271
174 175
175 176
175 183
175 195
175 246
176 177
177 178
177 239
178 179
178 188
179 180
179 242
180 181
180 186
180 233
180 282
181 182
181 252
181 263
182 183
182 186
182 242
183 184
183 217
183 234
183 256
183 286
184 185
184 202
184 259
185 186
185 212
185 223
186 187
186 210
187 188
187 195
188 189
188 207
189 190
189 204
189 227
190 191
191 192
192 193
192 233
192 243
193 194
193 206
194 195
194 248
195 196
195 213
196 197
197 198
197 299
198 199
198 229
198 248
199 200
199 202
200 201
201 202
201 240
202 203
203 204
203 253
203 297
204 205
205 206
205 226
206 207
206 238
207 208
208 209
208 210
208 219
208 247
209 210
209 222
209 254
209 281
210 211
210 231
211 212
211 276
212 213
213 214
214 215
215 216
215 249
216 217
217 218
217 268
218 219
218 234
219 220
219 271
220 221
221 222
222 223
222 227
223 224
223 242
223 250
224 225
224 283
225 226
225 265
226 227
227 228
227 265
228 229
229 230
229 250
229 296
230 231
231 232
231 236
231 245
231 266
232 233
232 246
233 234
233 268
233 274
234 235
235 236
235 277
235 298
236 237
236 249
236 283
237 238
237 261
237 270
238 239
239 240
240 241
241 242
242 243
242 248
243 244
244 245
245 246
246 247
247 248
247 294
247 299
248 249
249 250
249 280
250 251
251 252
251 258
252 253
253 254
254 255
255 256
255 283
256 257
257 258
257 286
258 259
259 260
259 265
259 297
260 261
261 262
261 277
262 263
263 264
264 265
264 268
265 266
265 276
266 267
267 268
268 269
269 270
269 275
270 271
271 272
271 292
272 273
273 274
274 275
275 276
276 277
276 293
277 278
278 279
279 280
280 281
281 282
282 283
283 284
284 285
284 294
285 286
286 287
287 288
288 289
289 290
290 291
291 292
292 293
293 294
294 295
295 296
296 297
297 298
298 299
