500 4153
0 1
0 499
0 190
0 262
0 268
0 292
1 2
1 13
1 14
1 18
1 99
1 156
1 196
1 213
1 324
1 481
1 499
2 3
2 164
2 195
2 296
2 303
2 332
2 375
2 388
2 403
2 409
2 460
3 4
3 60
3 176
3 181
3 182
3 267
3 283
3 296
3 311
3 331
3 347
3 371
3 396
3 401
4 5
4 46
4 154
4 236
4 245
4 316
4 433
4 492
5 6
5 7
5 8
5 10
5 15
5 60
5 67
5 103
5 161
5 162
5 195
5 208
5 235
5 308
5 365
5 460
6 7
6 36
6 139
6 172
6 197
6 216
6 295
6 323
6 357
6 383
6 488
6 498
7 8
7 23
7 51
7 67
7 87
7 143
7 158
7 174
7 181
7 275
7 307
7 310
7 357
7 394
7 474
7 478
8 9
8 70
8 95
8 128
8 153
8 175
8 217
8 260
8 282
8 351
8 426
8 450
9 10
9 15
9 40
9 48
9 141
9 165
9 173
9 217
9 234
9 327
9 402
9 407
9 408
9 414
9 422
9 465
9 475
10 11
10 50
10 156
10 181
10 192
10 296
10 319
10 327
10 353
10 386
10 449
10 455
10 491
11 12
11 32
11 130
11 143
11 246
11 253
11 258
11 263
11 269
11 300
11 374
11 405
11 453
12 13
12 28
12 90
12 100
12 128
12 240
12 301
12 347
12 426
12 442
12 450
13 14
13 31
13 49
13 80
13 92
13 100
13 112
13 134
13 138
13 176
13 204
13 238
13 239
13 255
13 256
13 263
13 293
13 298
13 310
13 377
13 407
13 430
13 432
13 450
14 15
14 67
14 78
14 103
14 120
14 164
14 171
14 250
14 264
14 290
14 373
14 389
14 422
14 424
14 433
14 461
14 484
14 487
15 16
15 66
15 96
15 172
15 197
15 219
15 230
15 234
15 367
15 422
15 423
15 484
16 17
16 32
16 42
16 133
16 165
16 239
16 240
16 266
16 275
16 349
16 365
16 379
16 466
16 479
17 18
17 55
17 92
17 106
17 107
17 126
17 138
17 224
17 229
17 231
17 249
17 300
17 314
17 337
17 411
17 447
17 452
18 19
18 31
18 41
18 163
18 218
18 333
18 348
18 400
18 445
18 469
18 486
19 20
19 55
19 104
19 114
19 149
19 167
19 200
19 254
19 298
19 304
19 348
19 362
19 405
19 410
19 478
20 21
20 26
20 53
20 85
20 291
20 324
20 353
20 393
20 420
21 22
21 44
21 51
21 82
21 86
21 207
21 225
21 246
21 255
21 268
21 317
21 335
21 382
21 437
21 474
21 486
22 23
22 90
22 116
22 136
22 144
22 176
22 183
22 191
22 245
22 332
22 351
22 358
22 474
23 24
23 43
23 51
23 81
23 96
23 111
23 135
23 142
23 167
23 210
23 217
23 237
23 258
23 268
23 287
23 290
23 308
23 345
23 348
23 361
23 476
23 479
23 489
24 25
24 43
24 80
24 140
24 159
24 173
24 235
24 256
24 260
24 275
24 374
24 377
24 389
24 395
24 404
24 411
24 433
24 443
24 444
24 476
24 485
25 26
25 88
25 113
25 117
25 128
25 214
25 248
25 254
25 256
25 280
25 340
25 346
25 461
25 480
25 491
25 499
26 27
26 140
26 205
26 237
26 244
26 248
26 260
26 417
26 473
26 485
27 28
27 56
27 109
27 155
27 161
27 165
27 186
27 289
27 316
27 350
27 363
27 381
27 394
27 413
27 473
28 29
28 47
28 97
28 101
28 113
28 114
28 147
28 169
28 191
28 213
28 271
28 292
28 347
28 348
28 442
28 445
28 489
29 30
29 139
29 149
29 152
29 202
29 240
29 247
29 256
29 405
29 417
29 474
29 479
30 31
30 40
30 47
30 96
30 141
30 232
30 236
30 267
30 309
30 310
30 401
30 407
30 429
30 440
30 479
30 499
31 32
31 58
31 70
31 72
31 224
31 381
31 466
31 476
31 478
32 33
32 54
32 69
32 70
32 82
32 92
32 110
32 120
32 127
32 180
32 207
32 211
32 294
32 299
32 305
32 402
33 34
33 57
33 90
33 98
33 121
33 149
33 157
33 164
33 330
33 362
33 370
33 420
33 439
33 457
33 467
33 498
34 35
34 120
34 132
34 169
34 238
34 257
34 263
34 265
34 273
34 283
34 287
34 304
34 328
34 394
34 421
34 426
34 462
35 36
35 66
35 191
35 205
35 210
35 326
35 327
35 333
35 376
35 384
35 403
35 436
35 448
35 465
36 37
36 40
36 78
36 84
36 95
36 104
36 144
36 182
36 228
36 231
36 242
36 277
36 309
36 379
36 390
36 407
36 421
36 494
37 38
37 43
37 57
37 59
37 95
37 107
37 164
37 192
37 219
37 226
37 242
37 245
37 301
37 389
37 432
37 481
38 39
38 48
38 93
38 115
38 118
38 128
38 159
38 169
38 268
38 287
38 289
38 323
38 359
38 403
38 424
38 444
38 468
38 483
39 40
39 49
39 63
39 149
39 151
39 167
39 249
39 358
39 359
39 378
39 383
39 416
39 433
39 462
40 41
40 58
40 105
40 129
40 150
40 214
40 229
40 278
40 308
40 362
40 434
40 449
40 450
40 453
41 42
41 49
41 57
41 134
41 153
41 156
41 220
41 251
41 274
41 298
41 321
41 325
41 338
41 348
41 452
41 497
42 43
42 123
42 149
42 166
42 172
42 210
42 243
42 277
42 280
42 292
42 293
42 300
42 338
42 393
42 401
42 454
42 465
43 44
43 106
43 137
43 153
43 165
43 198
43 228
43 237
43 277
43 303
43 316
43 335
43 337
43 365
43 457
44 45
44 55
44 67
44 90
44 98
44 102
44 148
44 150
44 184
44 218
44 219
44 259
44 401
44 444
44 456
44 459
44 480
45 46
45 53
45 56
45 76
45 84
45 130
45 136
45 170
45 178
45 272
45 283
45 287
45 294
45 299
45 348
45 350
45 397
45 398
45 435
45 454
45 475
46 47
46 77
46 99
46 212
46 255
46 306
46 342
46 355
46 412
46 458
47 48
47 78
47 79
47 107
47 113
47 117
47 125
47 150
47 168
47 182
47 188
47 189
47 196
47 254
47 265
47 270
47 291
47 292
47 297
47 387
47 464
47 490
48 49
48 193
48 194
48 222
48 280
48 286
48 354
48 376
48 459
48 480
49 50
49 79
49 89
49 148
49 162
49 167
49 229
49 242
49 265
49 297
49 319
49 372
49 404
49 414
49 428
50 51
50 73
50 104
50 112
50 142
50 151
50 202
50 332
50 371
50 386
50 399
50 416
50 440
50 453
50 471
50 478
50 483
50 495
51 52
51 103
51 143
51 147
51 233
51 234
51 261
51 273
51 281
51 336
51 368
51 387
51 418
51 427
51 460
51 465
51 496
52 53
52 89
52 97
52 134
52 142
52 149
52 199
52 204
52 235
52 260
52 265
52 339
52 349
52 375
52 379
52 392
52 407
52 437
52 488
53 54
53 58
53 62
53 110
53 119
53 144
53 145
53 223
53 248
53 255
53 296
53 320
53 431
53 484
53 498
54 55
54 133
54 136
54 146
54 164
54 209
54 237
54 303
54 422
54 473
55 56
55 129
55 264
55 309
55 322
55 363
55 405
55 422
55 432
55 471
56 57
56 58
56 66
56 78
56 81
56 93
56 110
56 111
56 114
56 116
56 219
56 253
56 255
56 303
56 308
56 370
56 415
56 446
56 473
57 58
57 83
57 98
57 101
57 148
57 200
57 210
57 217
57 361
57 363
57 408
57 413
57 498
58 59
58 63
58 65
58 123
58 167
58 177
58 215
58 248
58 331
58 388
58 410
58 443
59 60
59 66
59 71
59 90
59 115
59 154
59 246
59 266
59 317
59 378
60 61
60 106
60 120
60 172
60 285
60 307
60 348
60 419
60 425
60 481
61 62
61 63
61 74
61 92
61 132
61 238
61 248
61 310
61 314
61 317
61 425
61 455
61 481
62 63
62 74
62 93
62 111
62 207
62 299
62 375
62 401
62 412
62 473
63 64
63 65
63 81
63 107
63 117
63 131
63 168
63 176
63 223
63 251
63 260
63 301
63 347
63 380
63 393
63 433
63 444
63 466
64 65
64 77
64 81
64 122
64 148
64 177
64 181
64 185
64 227
64 236
64 313
64 320
64 325
64 350
64 376
64 387
64 461
65 66
65 81
65 150
65 168
65 176
65 239
65 261
65 305
65 341
65 414
65 444
65 447
65 480
65 494
66 67
66 73
66 77
66 254
66 308
66 317
66 334
66 397
66 429
66 439
67 68
67 144
67 206
67 260
67 287
67 299
67 304
67 331
67 343
67 437
67 453
67 454
67 464
68 69
68 91
68 100
68 114
68 148
68 250
68 255
68 308
68 309
68 342
68 364
68 382
68 427
68 434
68 451
68 464
68 466
68 475
69 70
69 111
69 192
69 221
69 246
69 250
69 256
69 261
69 276
69 278
69 291
69 295
69 311
69 345
69 346
69 348
69 357
69 362
69 395
69 402
69 411
69 456
69 460
70 71
70 99
70 107
70 127
70 240
70 345
70 352
70 421
70 465
70 497
71 72
71 98
71 122
71 132
71 152
71 183
71 193
71 201
71 207
71 233
71 345
71 376
71 410
72 73
72 105
72 167
72 184
72 195
72 230
72 357
72 389
72 390
72 435
72 498
73 74
73 173
73 383
73 394
73 398
73 451
73 459
73 470
74 75
74 111
74 127
74 161
74 172
74 194
74 264
74 340
74 341
74 370
74 413
74 433
74 447
74 470
74 486
74 493
75 76
75 128
75 152
75 164
75 184
75 187
75 280
75 295
75 335
75 357
75 392
75 395
75 399
75 414
75 441
75 442
76 77
76 163
76 169
76 300
76 422
76 433
76 466
77 78
77 100
77 149
77 178
77 179
77 191
77 269
77 327
77 340
77 354
77 405
77 410
77 450
78 79
78 168
78 174
78 176
78 196
78 221
78 249
78 252
78 374
78 399
78 439
78 479
78 485
78 488
78 494
78 499
79 80
79 81
79 86
79 119
79 181
79 186
79 209
79 210
79 218
79 244
79 280
79 430
80 81
80 83
80 96
80 140
80 160
80 171
80 181
80 184
80 201
80 226
80 272
80 306
80 336
80 347
80 387
80 473
81 82
81 110
81 294
81 309
81 338
81 345
81 363
81 369
81 418
81 463
81 493
82 83
82 156
82 178
82 192
82 194
82 200
82 228
82 237
82 296
82 302
82 330
82 464
82 480
83 84
83 188
83 233
83 260
83 262
83 286
83 314
83 316
83 325
83 367
83 424
83 447
83 466
83 478
83 482
84 85
84 262
84 297
84 301
84 315
84 317
84 358
84 413
84 455
84 470
84 493
85 86
85 126
85 134
85 139
85 142
85 172
85 240
85 255
85 287
85 304
85 306
85 341
85 354
85 385
85 390
85 414
85 431
85 432
85 443
85 472
86 87
86 131
86 138
86 185
86 190
86 193
86 219
86 222
86 234
86 250
86 287
86 292
86 406
86 419
86 459
87 88
87 195
87 344
87 347
87 360
87 371
87 404
87 413
88 89
88 134
88 142
88 168
88 176
88 197
88 206
88 291
88 293
88 391
88 428
88 438
88 448
89 90
89 129
89 171
89 231
89 258
89 269
89 290
89 298
89 344
89 366
89 368
89 455
89 457
90 91
90 96
90 114
90 124
90 167
90 175
90 196
90 229
90 271
90 352
90 363
90 402
90 482
91 92
91 97
91 103
91 132
91 183
91 202
91 222
91 275
91 282
91 346
91 361
91 423
91 450
91 460
91 484
92 93
92 103
92 151
92 162
92 204
92 258
92 306
92 388
92 395
92 459
93 94
93 112
93 168
93 197
93 217
93 221
93 274
93 288
93 341
93 396
93 421
93 422
93 427
93 470
94 95
94 99
94 100
94 103
94 115
94 205
94 340
94 400
94 469
94 488
94 495
95 96
95 131
95 171
95 177
95 187
95 195
95 284
95 310
95 333
95 376
95 430
96 97
96 116
96 129
96 174
96 178
96 195
96 200
96 202
96 209
96 254
96 265
96 306
96 313
96 341
96 342
96 387
96 412
97 98
97 134
97 218
97 240
97 245
97 269
97 298
97 301
97 305
97 360
97 390
97 401
97 417
97 469
97 475
98 99
98 104
98 241
98 297
99 100
99 110
99 114
99 153
99 189
99 211
99 280
99 343
99 378
99 405
99 411
99 448
100 101
100 157
100 200
100 201
100 211
100 232
100 255
100 257
100 340
100 447
100 469
100 476
101 102
101 116
101 117
101 118
101 144
101 228
101 231
101 244
101 301
101 329
101 336
101 348
101 421
101 422
101 424
101 467
101 484
102 103
102 201
102 232
102 234
102 294
102 399
102 411
102 424
102 434
102 451
102 481
102 493
103 104
103 168
103 193
103 212
103 213
103 274
103 280
103 321
103 378
103 384
103 422
103 438
103 480
103 481
104 105
104 150
104 205
104 235
104 248
104 257
104 264
104 333
104 339
104 361
104 364
104 366
104 415
104 429
104 430
104 444
104 452
104 491
105 106
105 149
105 249
105 290
105 293
105 324
105 457
105 494
106 107
106 183
106 184
106 217
106 224
106 231
106 293
106 294
106 336
106 453
106 485
107 108
107 138
107 188
107 205
107 215
107 289
107 303
107 321
107 325
107 329
107 395
107 396
107 429
108 109
108 130
108 161
108 174
108 414
108 451
108 455
108 468
108 481
108 487
108 497
109 110
109 125
109 238
109 243
109 247
109 266
109 271
109 338
109 351
109 381
109 406
109 497
110 111
110 149
110 154
110 227
110 246
110 262
110 268
110 279
110 295
110 319
110 352
110 407
110 426
110 482
111 112
111 121
111 131
111 183
111 294
111 322
111 354
111 429
111 442
111 447
111 493
112 113
112 161
112 173
112 193
112 247
112 278
112 353
112 366
112 407
112 455
112 494
112 498
113 114
113 164
113 185
113 193
113 197
113 272
113 383
113 389
113 406
113 413
113 448
113 449
114 115
114 145
114 157
114 292
114 301
114 306
114 331
114 340
114 394
114 430
114 440
114 448
114 452
114 459
115 116
115 251
115 355
115 377
115 469
115 471
116 117
116 125
116 127
116 148
116 155
116 169
116 234
116 257
116 290
116 316
116 400
116 415
117 118
117 123
117 192
117 213
117 214
117 298
117 357
117 359
117 430
117 438
117 472
117 481
117 489
117 499
118 119
118 122
118 129
118 144
118 181
118 192
118 235
118 337
118 345
118 358
118 435
118 440
118 444
118 490
119 120
119 136
119 148
119 166
119 202
119 225
119 241
119 243
119 251
119 290
119 433
119 452
119 478
119 479
120 121
120 184
120 238
120 252
120 377
120 409
120 413
120 440
121 122
121 141
121 230
121 231
121 287
121 312
121 412
121 444
121 464
121 470
121 487
122 123
122 138
122 159
122 233
122 249
122 281
122 335
122 403
122 477
123 124
123 136
123 141
123 152
123 242
123 311
123 414
123 433
123 475
123 490
123 491
124 125
124 128
124 154
124 175
124 181
124 189
124 260
124 268
124 296
124 375
124 417
124 459
124 477
124 483
125 126
125 151
125 239
125 253
125 326
125 372
125 373
125 420
125 439
125 447
125 464
126 127
126 134
126 271
126 282
126 432
126 447
126 464
126 476
127 128
127 243
127 259
127 281
127 284
127 418
127 428
127 486
127 499
128 129
128 203
128 263
128 266
128 310
128 311
128 314
128 353
128 437
129 130
129 144
129 180
129 217
129 241
129 288
129 301
129 309
129 318
129 358
129 406
129 439
129 472
130 131
130 168
130 186
130 199
130 240
130 271
130 298
130 313
130 316
130 331
130 340
130 359
130 360
130 476
130 484
131 132
131 137
131 169
131 235
131 274
131 287
131 312
131 358
131 425
131 433
131 436
131 494
132 133
132 195
132 224
132 244
132 269
132 284
132 332
132 336
132 371
132 381
132 382
132 407
132 412
132 423
132 428
132 453
133 134
133 152
133 205
133 243
133 268
133 310
133 355
133 394
133 395
133 497
134 135
134 155
134 192
134 224
134 227
134 313
134 350
134 375
134 379
134 387
134 388
134 427
135 136
135 143
135 146
135 151
135 216
135 269
135 289
135 339
135 369
135 433
135 473
136 137
136 236
136 260
136 308
136 349
136 370
136 404
136 457
136 489
136 492
137 138
137 140
137 174
137 199
137 256
137 315
137 331
137 380
138 139
138 160
138 164
138 190
138 210
138 257
138 258
138 259
138 331
138 360
138 374
138 410
138 472
138 485
138 490
139 140
139 157
139 166
139 179
139 225
139 259
139 263
139 268
139 431
139 437
139 454
139 474
140 141
140 147
140 201
140 235
140 238
140 256
140 274
140 284
140 287
140 289
140 311
140 333
140 353
140 381
140 387
140 400
140 473
141 142
141 172
141 189
141 210
141 227
141 277
141 352
141 353
141 366
141 404
141 415
141 416
141 441
141 466
142 143
142 222
142 227
142 230
142 234
142 245
142 264
142 328
142 337
142 341
142 366
142 390
142 396
142 397
142 469
143 144
143 178
143 248
143 279
143 283
143 285
143 290
143 324
143 338
143 428
143 449
143 460
143 461
144 145
144 155
144 172
144 184
144 202
144 204
144 254
144 257
144 300
144 320
144 358
144 367
144 378
144 471
145 146
145 149
145 156
145 161
145 180
145 181
145 240
145 251
145 256
145 273
145 304
145 405
145 448
145 480
145 487
145 493
146 147
146 172
146 176
146 188
146 210
146 218
146 229
146 259
146 303
146 321
146 324
146 333
146 349
146 355
146 369
146 405
146 433
146 449
146 450
146 460
147 148
147 166
147 173
147 239
147 245
147 254
147 257
147 285
147 340
147 377
147 433
147 463
147 499
148 149
148 321
148 375
148 376
148 464
149 150
149 199
149 220
149 222
149 257
149 300
149 320
149 401
149 405
149 422
149 455
150 151
150 160
150 185
150 246
150 260
150 268
150 301
150 306
150 311
150 319
150 332
150 358
150 393
150 397
150 442
151 152
151 163
151 165
151 183
151 192
151 194
151 285
151 298
151 355
151 376
151 390
151 402
151 432
151 437
151 446
151 464
152 153
152 163
152 193
152 194
152 204
152 305
152 344
152 392
152 427
153 154
153 182
153 190
153 225
153 382
153 396
153 402
153 415
153 462
154 155
154 165
154 180
154 185
154 192
154 277
154 293
154 304
154 309
154 322
154 329
154 358
154 367
154 413
154 451
154 492
155 156
155 182
155 207
155 220
155 227
155 301
155 319
155 357
155 371
156 157
156 158
156 188
156 195
156 211
156 237
156 257
156 266
156 298
156 308
156 309
156 318
156 334
156 399
156 423
156 426
157 158
157 168
157 188
157 197
157 212
157 301
157 304
157 328
157 341
157 354
157 368
157 385
157 392
157 405
157 413
157 424
157 487
158 159
158 165
158 219
158 227
158 274
158 278
158 310
158 313
158 397
158 491
159 160
159 187
159 198
159 223
159 246
159 249
159 273
159 325
159 355
159 383
159 391
159 440
160 161
160 237
160 273
160 280
160 304
160 330
160 370
160 451
160 487
161 162
161 322
161 342
161 379
161 433
161 439
161 457
162 163
162 180
162 229
162 250
162 269
162 270
162 289
162 310
162 346
162 368
162 372
162 379
162 389
162 415
162 445
162 495
163 164
163 194
163 221
163 247
163 297
163 326
163 335
163 356
163 393
163 398
163 466
164 165
164 207
164 233
164 253
164 330
164 331
164 370
164 380
164 405
164 440
164 447
165 166
165 231
165 264
165 429
165 435
165 452
166 167
166 211
166 216
166 217
166 250
166 304
166 401
166 423
166 431
166 437
166 464
166 474
167 168
167 221
167 234
167 401
167 467
168 169
168 245
168 251
168 253
168 264
168 299
168 350
169 170
169 171
169 187
169 203
169 221
169 226
169 286
169 289
169 322
169 349
169 368
169 388
169 421
169 449
169 452
169 470
169 496
170 171
170 202
170 203
170 328
170 447
170 472
171 172
171 236
171 238
171 253
171 269
171 301
171 401
171 421
171 437
171 451
171 471
171 476
172 173
172 211
172 229
172 272
172 285
172 323
172 331
172 353
172 385
172 445
173 174
173 211
173 213
173 277
173 282
173 307
173 341
173 366
173 379
173 420
173 479
174 175
174 177
174 186
174 207
174 213
174 235
174 241
174 262
174 297
174 392
174 462
175 176
175 178
175 182
175 272
175 300
175 317
175 367
175 373
175 378
175 439
175 478
175 483
175 489
176 177
176 191
176 247
176 275
176 288
176 310
176 325
176 331
176 338
176 349
176 357
176 368
176 370
176 398
176 427
176 444
176 445
177 178
177 269
177 320
177 388
177 405
177 449
178 179
178 233
178 262
178 288
178 301
178 347
178 354
178 477
178 496
179 180
179 259
179 261
179 272
179 273
179 289
179 323
179 335
179 453
180 181
180 223
180 251
180 292
180 299
180 382
180 386
180 476
180 496
181 182
181 224
181 250
181 305
181 369
181 385
181 390
181 393
181 422
182 183
182 298
182 301
182 315
182 343
182 358
182 376
182 405
182 418
183 184
183 221
183 342
183 361
183 416
183 461
184 185
184 198
184 216
184 227
184 249
184 272
184 299
184 304
184 338
184 355
184 425
184 432
184 456
184 490
185 186
185 212
185 226
185 227
185 237
185 306
185 361
185 429
185 448
186 187
186 294
186 305
186 308
186 359
186 380
186 414
186 485
187 188
187 191
187 214
187 266
187 342
187 355
188 189
188 197
188 215
188 246
188 337
188 376
188 381
188 421
189 190
189 207
189 245
189 300
189 305
189 356
189 363
189 473
190 191
190 218
190 305
190 392
190 447
190 476
191 192
191 233
191 263
191 273
191 301
191 365
191 376
191 398
191 402
191 454
192 193
192 221
192 228
192 237
192 272
192 306
192 469
192 481
193 194
193 233
193 260
193 264
193 267
193 288
193 353
193 404
193 436
193 448
194 195
194 244
194 250
194 252
194 281
194 295
194 337
194 463
194 465
194 472
195 196
195 203
195 229
195 255
195 261
195 327
195 356
195 362
195 399
195 403
195 429
195 468
196 197
196 205
196 236
196 308
196 330
196 347
196 368
196 376
196 401
196 464
197 198
197 201
197 237
197 242
197 249
197 280
197 474
198 199
198 207
198 244
198 248
198 280
198 282
198 301
198 306
198 316
198 326
198 328
198 334
198 361
198 362
198 368
198 370
198 372
198 373
198 390
198 395
198 442
198 488
199 200
199 210
199 241
199 334
199 345
199 356
199 381
199 491
200 201
200 239
200 294
200 323
200 342
200 385
200 493
201 202
201 232
201 253
201 279
201 307
201 325
201 365
201 393
201 408
201 410
201 425
201 460
202 203
202 284
202 355
202 360
202 498
203 204
203 256
203 319
203 333
203 360
203 416
203 420
203 488
204 205
204 209
204 229
204 246
204 257
204 271
204 285
204 331
204 351
204 417
204 458
204 495
205 206
205 253
205 314
205 315
205 343
205 347
205 378
205 385
205 437
206 207
206 244
206 286
206 367
206 394
206 405
206 413
206 429
206 468
206 475
206 481
207 208
207 285
207 323
207 344
207 368
207 403
207 453
207 498
208 209
208 227
208 240
208 246
208 278
208 326
208 359
208 366
208 372
208 393
208 395
209 210
209 215
209 257
209 258
209 269
209 270
209 272
209 290
209 346
209 361
209 417
210 211
210 227
210 314
210 391
210 435
210 476
210 482
211 212
211 252
211 261
211 287
211 318
211 328
211 358
211 384
211 417
211 433
211 450
211 492
211 495
212 213
212 214
212 219
212 220
212 270
212 348
212 360
212 402
212 440
212 448
212 492
213 214
213 257
213 298
213 483
213 489
214 215
214 275
214 289
214 349
214 428
214 441
214 453
214 463
215 216
215 235
215 327
215 359
215 363
215 396
215 408
215 435
215 441
215 461
215 495
216 217
216 238
216 264
216 270
216 287
216 408
216 428
216 437
216 453
216 454
216 499
217 218
217 232
217 242
217 263
217 337
217 380
217 413
217 455
217 463
217 474
217 492
218 219
218 228
218 256
218 282
218 288
218 331
218 372
218 409
218 485
219 220
219 221
219 250
219 358
219 361
219 389
219 448
219 473
219 475
220 221
220 249
220 252
220 294
220 298
220 361
221 222
221 285
221 314
221 338
221 354
221 414
221 416
221 464
221 499
222 223
222 230
222 279
222 286
222 369
222 453
222 462
223 224
223 231
223 287
223 290
223 299
223 308
223 315
223 332
223 394
223 428
223 485
223 499
224 225
224 276
224 336
224 363
224 365
224 376
224 398
224 458
225 226
225 332
225 353
225 472
225 475
226 227
226 285
226 301
226 316
226 348
226 387
226 408
226 434
226 452
226 479
226 486
226 488
227 228
227 274
227 276
227 288
227 385
227 412
227 449
228 229
228 262
228 269
228 333
228 336
228 374
228 397
228 414
228 422
228 454
228 488
229 230
229 250
229 291
229 301
229 310
229 344
229 363
229 383
229 464
229 481
229 483
230 231
230 233
230 271
230 303
230 337
230 355
230 371
230 404
230 463
230 494
230 499
231 232
231 247
231 250
231 399
231 422
231 443
231 471
231 488
232 233
232 284
232 292
232 305
232 393
232 428
232 493
232 494
233 234
233 236
233 237
233 238
233 321
233 327
233 418
233 435
233 482
234 235
234 263
234 279
234 339
234 395
234 403
234 408
234 472
234 498
235 236
235 263
235 277
235 289
235 323
235 335
235 349
235 401
235 422
235 426
235 434
236 237
236 256
236 262
236 284
236 292
236 293
236 300
236 328
236 331
236 378
236 383
236 415
236 416
236 436
236 473
237 238
237 269
237 270
237 287
237 306
237 371
237 383
237 402
238 239
238 287
238 294
238 302
238 434
238 470
238 476
239 240
239 269
239 292
239 355
239 446
240 241
240 278
240 299
240 366
240 383
240 404
240 419
240 493
241 242
241 257
241 262
241 278
241 301
241 311
241 326
241 350
241 381
241 445
241 490
241 498
242 243
242 259
242 324
242 346
242 354
242 405
242 435
242 480
242 483
243 244
243 260
243 289
243 353
243 356
243 370
243 481
244 245
244 248
244 274
244 311
244 312
244 319
244 434
244 446
244 449
245 246
245 247
245 255
245 282
245 291
245 413
245 494
246 247
246 262
246 271
246 275
246 299
246 321
246 396
246 465
247 248
247 266
247 270
247 273
247 363
247 392
247 409
247 441
247 492
248 249
248 255
248 302
248 303
248 330
248 349
248 354
248 382
248 400
248 438
248 491
249 250
249 265
249 285
249 340
249 353
249 355
249 361
249 402
249 486
250 251
250 290
250 370
250 446
250 454
250 459
250 498
251 252
251 266
251 289
251 295
251 321
251 333
251 341
251 388
252 253
252 297
252 301
252 311
252 428
253 254
253 307
253 309
253 339
253 441
254 255
254 270
254 274
254 302
254 349
254 358
254 390
254 401
254 427
254 448
254 458
254 461
254 469
254 486
254 490
255 256
255 297
255 299
255 347
255 381
255 386
255 411
255 433
255 492
255 496
256 257
256 338
256 355
256 362
256 443
256 463
256 468
257 258
257 274
257 341
257 352
257 362
257 413
257 415
257 440
257 448
258 259
258 326
258 327
258 337
258 343
258 373
258 393
258 412
258 436
258 452
258 464
258 493
259 260
259 304
259 338
259 365
259 410
259 455
260 261
260 265
260 281
260 350
260 366
260 386
260 423
261 262
261 344
261 350
261 448
262 263
262 268
262 287
262 294
262 303
262 333
262 349
262 449
263 264
263 306
263 372
263 386
263 420
263 427
263 462
264 265
264 277
264 406
264 460
264 490
265 266
265 279
265 313
265 332
265 344
265 353
265 369
265 482
265 497
266 267
266 323
266 326
266 337
266 347
266 349
266 357
266 366
266 381
266 486
267 268
267 340
267 367
267 449
267 466
267 473
268 269
268 293
268 299
268 331
268 336
268 361
268 444
269 270
269 308
269 315
269 333
269 392
269 483
270 271
270 286
270 288
270 305
270 326
270 336
270 364
270 375
270 426
270 431
270 456
270 491
270 495
270 496
271 272
271 299
271 331
271 343
271 397
271 406
271 474
271 493
271 497
272 273
272 297
272 309
272 311
272 320
272 325
272 330
272 352
272 357
272 410
272 427
272 444
273 274
273 287
273 442
273 452
273 455
273 492
274 275
274 280
274 285
274 409
274 426
274 443
275 276
275 277
275 288
275 289
275 293
275 324
275 459
275 483
275 488
276 277
276 290
276 324
276 393
277 278
277 281
277 307
277 401
277 407
277 443
277 457
277 493
278 279
278 342
278 346
278 384
278 419
278 420
278 427
278 451
278 454
278 477
278 487
279 280
279 384
279 442
279 456
279 461
279 469
280 281
280 301
280 323
280 337
280 425
280 462
280 470
280 483
280 498
281 282
281 290
281 306
281 335
282 283
282 286
282 292
282 322
282 334
282 357
282 411
282 451
283 284
283 288
283 291
283 297
283 382
283 459
283 467
283 479
284 285
284 322
284 350
284 361
284 391
284 452
285 286
285 300
285 317
285 401
285 411
285 483
286 287
286 316
286 477
286 492
287 288
287 338
287 389
287 439
288 289
288 292
288 308
288 377
288 381
288 391
288 451
288 482
289 290
289 311
289 346
289 374
289 387
289 425
290 291
290 307
290 351
290 370
290 413
290 457
290 461
290 464
290 479
290 493
291 292
291 299
291 331
291 402
291 415
292 293
292 297
292 328
292 374
292 396
292 433
292 447
292 453
292 473
292 496
292 499
293 294
293 314
293 318
293 402
293 409
293 468
294 295
294 358
294 369
294 401
294 442
294 454
294 498
295 296
295 300
295 306
295 312
295 340
295 398
295 452
295 465
295 472
295 476
296 297
296 326
296 409
296 411
296 418
296 462
296 473
296 476
297 298
297 316
297 367
297 374
297 486
297 496
298 299
298 332
298 336
298 386
298 394
298 401
298 417
298 420
298 463
298 487
298 496
299 300
299 381
299 468
299 484
300 301
300 314
300 386
300 420
300 430
300 453
300 454
300 462
301 302
301 333
301 362
301 374
301 404
301 412
301 416
301 466
301 492
302 303
302 445
302 468
303 304
303 321
303 328
303 330
303 379
303 380
303 482
303 486
304 305
304 325
304 385
304 421
304 444
304 472
304 483
304 495
305 306
305 356
305 391
305 455
306 307
306 318
306 325
306 333
306 354
306 394
306 407
306 416
306 450
306 464
306 474
306 482
306 486
307 308
307 309
307 403
307 413
307 420
307 445
307 451
308 309
308 329
308 349
308 353
308 386
308 448
308 468
308 488
309 310
309 377
309 379
309 380
309 397
309 452
309 492
309 494
310 311
310 329
310 333
310 374
310 389
310 414
310 470
310 473
311 312
311 483
311 487
312 313
312 314
312 370
312 374
312 384
312 401
312 417
312 419
312 482
313 314
313 319
313 337
313 372
313 392
313 395
313 435
313 461
313 465
313 495
314 315
314 347
314 360
314 384
314 410
314 465
315 316
315 351
315 385
315 463
315 469
316 317
316 346
316 371
316 380
316 385
316 408
316 459
316 474
316 491
317 318
317 378
317 419
317 426
317 436
317 445
317 454
317 477
318 319
318 359
318 364
318 461
318 484
319 320
319 340
319 389
319 406
319 447
319 448
319 452
319 497
320 321
320 346
320 357
320 412
320 426
320 428
320 486
321 322
321 324
321 347
321 367
321 420
321 444
322 323
322 405
322 437
322 443
322 469
322 476
323 324
323 346
323 362
323 364
323 481
324 325
324 357
324 449
324 468
325 326
325 372
325 384
325 454
325 475
325 477
326 327
326 357
326 394
326 411
326 460
326 467
326 491
326 492
327 328
327 461
327 475
328 329
328 370
328 374
328 392
328 396
328 450
328 486
328 495
329 330
329 334
329 336
329 344
329 351
329 364
329 400
329 420
329 469
330 331
330 342
330 380
330 406
330 433
330 458
330 475
331 332
331 387
331 412
331 428
331 465
332 333
332 441
332 458
332 498
333 334
333 404
334 335
334 392
334 432
335 336
335 357
335 383
335 484
336 337
336 364
336 401
336 405
336 411
336 433
336 437
337 338
337 375
337 433
337 467
337 490
338 339
338 356
338 382
338 387
338 434
338 437
338 439
338 453
338 491
338 492
339 340
339 413
339 436
340 341
340 351
340 368
340 412
341 342
341 347
341 380
341 482
342 343
342 349
342 365
342 443
342 473
342 488
343 344
343 385
343 405
343 439
344 345
344 347
344 374
344 378
344 399
344 400
344 450
344 465
344 490
345 346
345 354
345 365
345 408
345 410
345 453
345 462
345 470
346 347
346 361
346 430
346 444
346 483
347 348
347 404
347 439
348 349
348 362
348 386
348 397
348 417
348 439
348 468
348 480
349 350
349 370
349 410
349 432
349 459
349 470
350 351
350 380
350 399
350 440
350 445
350 454
351 352
351 367
351 378
351 464
352 353
352 433
353 354
353 385
353 393
353 394
353 425
353 474
354 355
354 422
354 433
354 444
354 447
355 356
355 370
355 389
355 403
355 438
355 453
356 357
356 397
356 455
356 459
357 358
357 366
357 410
357 427
357 430
357 445
358 359
358 390
359 360
359 420
359 461
359 469
359 490
360 361
360 422
360 430
360 434
360 472
360 482
361 362
361 409
361 426
361 429
361 452
361 491
362 363
362 402
362 415
362 438
362 445
362 457
362 492
363 364
363 392
363 393
363 395
363 401
363 402
363 461
363 476
364 365
364 395
364 399
364 472
365 366
365 376
365 381
365 478
366 367
366 394
366 399
366 405
366 414
366 428
367 368
367 432
367 448
367 487
368 369
368 381
368 385
368 422
369 370
369 448
369 452
369 453
369 481
369 489
370 371
370 402
370 404
370 421
370 469
370 477
370 485
370 488
370 493
371 372
371 431
371 433
371 437
371 461
371 486
371 497
372 373
372 494
373 374
373 385
373 454
373 478
373 499
374 375
374 456
374 462
374 481
374 485
375 376
375 400
375 408
376 377
376 390
376 391
376 430
376 449
376 451
376 494
377 378
377 380
377 421
377 465
377 469
377 481
378 379
378 493
379 380
379 404
379 490
379 494
380 381
380 395
380 413
380 455
381 382
381 396
381 457
381 470
381 493
382 383
382 391
382 441
382 464
382 485
383 384
383 416
383 468
384 385
384 458
385 386
385 402
385 411
386 387
386 438
386 475
386 499
387 388
387 399
387 487
388 389
388 458
388 469
389 390
389 418
389 459
389 465
390 391
390 480
391 392
391 457
392 393
392 459
392 498
393 394
393 428
393 439
394 395
394 448
394 459
394 470
395 396
395 399
395 415
395 425
395 467
395 472
395 481
396 397
396 489
397 398
397 402
397 472
397 492
398 399
398 404
398 420
398 424
398 426
398 427
398 486
398 497
399 400
399 450
400 401
400 443
400 452
400 490
401 402
401 413
401 437
401 469
402 403
402 412
403 404
403 477
404 405
404 414
404 482
404 485
405 406
405 495
406 407
406 421
406 431
406 437
406 441
406 466
406 484
407 408
407 470
408 409
408 412
408 426
408 440
408 466
408 476
408 488
408 497
409 410
409 420
409 459
410 411
410 420
410 459
410 490
411 412
411 442
412 413
412 452
412 494
412 499
413 414
413 455
413 481
413 488
414 415
414 419
414 477
415 416
415 419
415 457
415 468
415 476
415 490
416 417
416 422
416 435
416 462
416 468
417 418
417 423
417 472
417 497
418 419
418 427
419 420
419 469
419 492
420 421
420 494
421 422
421 423
421 467
421 487
422 423
423 424
423 432
423 446
423 448
423 477
424 425
424 435
424 477
425 426
425 467
425 485
426 427
426 433
426 457
426 496
427 428
428 429
428 437
429 430
429 458
429 479
429 495
430 431
430 441
430 445
430 462
430 482
431 432
431 491
432 433
433 434
434 435
434 488
435 436
435 455
436 437
436 438
436 497
437 438
437 447
437 483
438 439
438 444
438 458
438 488
438 489
439 440
439 490
439 495
440 441
440 447
440 453
441 442
441 459
441 492
442 443
442 446
442 499
443 444
443 468
443 483
443 484
443 498
444 445
444 483
445 446
445 454
445 456
445 459
445 473
446 447
446 494
447 448
448 449
448 498
448 499
449 450
450 451
450 487
451 452
451 475
451 476
451 489
452 453
452 479
453 454
453 475
454 455
455 456
455 477
455 492
455 496
456 457
457 458
458 459
458 496
459 460
459 466
460 461
460 496
461 462
461 477
461 489
462 463
462 470
462 492
463 464
464 465
465 466
465 487
465 493
466 467
467 468
468 469
468 473
468 477
468 495
469 470
470 471
470 474
471 472
472 473
473 474
474 475
474 488
475 476
476 477
477 478
477 491
478 479
479 480
479 482
480 481
481 482
482 483
482 487
483 484
484 485
485 486
486 487
486 494
486 499
487 488
487 499
488 489
488 496
489 490
490 491
491 492
492 493
493 494
494 495
495 496
495 499
496 497
497 498
498 499
