500 7965
0 1
0 499
0 4
0 8
0 43
0 63
0 83
0 109
0 131
0 138
0 149
0 191
0 221
0 247
0 248
0 255
0 256
0 272
0 276
0 288
0 306
0 316
0 339
0 343
0 344
0 345
0 373
0 375
0 378
0 408
0 458
0 471
0 474
0 475
0 481
0 497
0 498
1 2
1 6
1 17
1 22
1 26
1 33
1 70
1 86
1 93
1 126
1 154
1 169
1 178
1 200
1 212
1 230
1 258
1 274
1 292
1 311
1 313
1 315
1 322
1 334
1 350
1 376
1 388
1 394
1 398
1 410
1 415
1 422
1 424
1 436
1 488
2 3
2 11
2 19
2 25
2 68
2 92
2 99
2 134
2 142
2 186
2 225
2 230
2 232
2 233
2 262
2 276
2 287
2 303
2 307
2 322
2 368
2 411
2 439
2 494
2 495
2 496
3 4
3 10
3 14
3 37
3 40
3 52
3 57
3 95
3 99
3 116
3 146
3 169
3 170
3 188
3 219
3 221
3 236
3 244
3 247
3 267
3 268
3 278
3 343
3 353
3 355
3 370
3 384
3 461
3 477
3 481
3 499
4 5
4 7
4 16
4 25
4 64
4 70
4 80
4 93
4 97
4 100
4 131
4 136
4 152
4 155
4 190
4 227
4 228
4 231
4 247
4 248
4 295
4 305
4 335
4 344
4 372
4 373
4 375
4 379
4 389
4 402
4 417
4 425
4 431
4 435
4 456
4 461
4 480
4 485
4 487
5 6
5 11
5 28
5 31
5 35
5 52
5 58
5 70
5 74
5 129
5 131
5 163
5 166
5 167
5 181
5 182
5 204
5 223
5 240
5 267
5 270
5 293
5 310
5 352
5 357
5 361
5 396
5 398
5 414
5 417
5 419
5 424
5 432
5 434
5 440
5 450
5 460
5 466
5 469
6 7
6 27
6 37
6 54
6 63
6 72
6 86
6 95
6 128
6 129
6 154
6 159
6 161
6 186
6 219
6 221
6 223
6 251
6 266
6 283
6 285
6 292
6 322
6 348
6 373
6 386
6 419
6 434
6 472
6 490
7 8
7 86
7 110
7 163
7 169
7 171
7 208
7 229
7 252
7 261
7 272
7 273
7 316
7 364
7 368
7 393
7 395
7 413
7 428
7 429
7 442
7 456
7 471
8 9
8 14
8 17
8 43
8 48
8 56
8 115
8 129
8 139
8 140
8 145
8 159
8 189
8 197
8 205
8 222
8 232
8 245
8 259
8 266
8 269
8 277
8 286
8 298
8 305
8 319
8 326
8 357
8 369
8 375
8 386
8 396
8 423
8 433
8 438
8 445
8 449
8 485
8 490
8 492
8 498
9 10
9 23
9 32
9 41
9 48
9 75
9 89
9 105
9 143
9 168
9 184
9 215
9 219
9 232
9 262
9 278
9 300
9 308
9 312
9 333
9 359
9 361
9 363
9 374
9 379
9 404
9 410
9 440
9 443
9 444
9 459
9 460
9 469
9 473
9 482
9 488
10 11
10 15
10 49
10 82
10 104
10 113
10 136
10 145
10 183
10 188
10 212
10 215
10 225
10 230
10 248
10 280
10 283
10 287
10 290
10 300
10 315
10 341
10 403
10 405
10 406
10 427
10 440
10 462
10 466
10 484
11 12
11 15
11 16
11 26
11 100
11 106
11 130
11 183
11 192
11 207
11 225
11 226
11 230
11 236
11 242
11 264
11 274
11 275
11 310
11 317
11 321
11 333
11 347
11 390
11 397
11 443
11 461
12 13
12 66
12 83
12 84
12 140
12 146
12 150
12 152
12 160
12 171
12 178
12 182
12 213
12 237
12 258
12 259
12 281
12 290
12 344
12 364
12 378
12 399
12 451
12 464
12 496
13 14
13 28
13 48
13 54
13 62
13 95
13 128
13 132
13 161
13 164
13 165
13 168
13 177
13 181
13 209
13 228
13 234
13 246
13 267
13 269
13 303
13 322
13 330
13 363
13 367
13 372
13 380
13 393
13 405
13 413
13 421
13 440
13 442
13 456
13 470
14 15
14 32
14 52
14 56
14 67
14 80
14 82
14 90
14 99
14 101
14 104
14 107
14 127
14 130
14 142
14 175
14 177
14 195
14 245
14 269
14 279
14 292
14 330
14 333
14 335
14 352
14 384
14 391
14 432
14 452
14 463
15 16
15 23
15 38
15 42
15 49
15 57
15 63
15 111
15 127
15 146
15 162
15 170
15 186
15 236
15 245
15 268
15 306
15 326
15 333
15 347
15 353
15 377
15 379
15 390
15 437
15 439
15 442
15 499
16 17
16 27
16 47
16 62
16 68
16 82
16 89
16 91
16 98
16 99
16 111
16 127
16 139
16 148
16 173
16 185
16 190
16 207
16 216
16 229
16 234
16 275
16 280
16 282
16 283
16 294
16 376
16 385
16 397
16 435
16 480
16 483
16 486
17 18
17 37
17 45
17 57
17 59
17 60
17 61
17 106
17 134
17 166
17 215
17 235
17 259
17 284
17 286
17 288
17 296
17 298
17 305
17 311
17 331
17 378
17 385
17 408
17 436
17 452
17 488
17 499
18 19
18 24
18 26
18 34
18 35
18 64
18 75
18 97
18 126
18 134
18 161
18 162
18 172
18 190
18 223
18 227
18 233
18 309
18 321
18 326
18 366
18 372
18 377
18 383
18 423
18 440
18 453
18 482
18 494
18 496
19 20
19 33
19 51
19 80
19 83
19 155
19 170
19 174
19 183
19 188
19 196
19 208
19 243
19 251
19 298
19 331
19 342
19 365
19 368
19 417
19 421
19 423
19 431
19 455
19 461
19 467
19 498
20 21
20 36
20 37
20 47
20 49
20 60
20 83
20 124
20 129
20 135
20 145
20 167
20 183
20 188
20 195
20 196
20 205
20 206
20 241
20 306
20 314
20 329
20 341
20 365
20 387
20 397
20 403
20 404
20 432
20 452
20 461
20 491
21 22
21 70
21 129
21 135
21 139
21 151
21 207
21 213
21 226
21 242
21 267
21 276
21 304
21 308
21 323
21 337
21 358
21 376
21 379
21 383
21 388
21 424
21 438
21 444
22 23
22 24
22 28
22 30
22 31
22 46
22 53
22 79
22 135
22 143
22 153
22 175
22 178
22 183
22 185
22 225
22 226
22 260
22 277
22 290
22 312
22 361
22 378
22 398
22 417
22 448
22 456
22 458
22 461
22 490
23 24
23 43
23 50
23 51
23 58
23 140
23 153
23 167
23 179
23 185
23 212
23 214
23 222
23 259
23 261
23 267
23 377
23 392
23 396
23 425
23 431
23 458
23 473
24 25
24 60
24 106
24 116
24 178
24 198
24 208
24 213
24 234
24 255
24 312
24 317
24 333
24 350
24 378
24 396
24 403
24 409
24 422
24 455
24 460
24 466
24 487
25 26
25 53
25 60
25 110
25 111
25 140
25 141
25 158
25 160
25 171
25 175
25 215
25 232
25 261
25 268
25 299
25 313
25 342
25 347
25 357
25 380
25 388
25 395
25 399
25 419
25 427
25 464
26 27
26 35
26 70
26 97
26 140
26 150
26 160
26 166
26 197
26 283
26 285
26 294
26 373
26 377
26 397
26 412
26 423
26 431
26 436
26 447
26 454
26 455
26 487
27 28
27 43
27 58
27 69
27 81
27 82
27 97
27 99
27 114
27 139
27 153
27 169
27 170
27 177
27 179
27 267
27 272
27 273
27 286
27 314
27 331
27 338
27 395
27 403
27 418
27 420
27 467
27 490
28 29
28 40
28 48
28 66
28 113
28 195
28 220
28 225
28 245
28 281
28 284
28 320
28 345
28 347
28 359
28 380
28 391
28 452
28 454
28 461
28 481
29 30
29 33
29 38
29 58
29 84
29 85
29 91
29 99
29 118
29 129
29 130
29 143
29 170
29 191
29 207
29 209
29 214
29 224
29 228
29 230
29 234
29 287
29 290
29 301
29 309
29 311
29 336
29 378
29 391
29 469
30 31
30 40
30 66
30 67
30 69
30 84
30 85
30 90
30 91
30 125
30 127
30 142
30 148
30 150
30 179
30 214
30 299
30 334
30 339
30 351
30 359
30 372
30 380
30 384
30 398
30 431
30 450
30 472
30 484
30 487
31 32
31 49
31 71
31 104
31 120
31 124
31 136
31 165
31 172
31 185
31 188
31 228
31 255
31 265
31 275
31 276
31 305
31 311
31 318
31 328
31 339
31 354
31 369
31 390
31 455
31 461
31 469
31 470
31 475
31 485
31 490
32 33
32 37
32 79
32 88
32 95
32 97
32 108
32 109
32 131
32 154
32 164
32 169
32 199
32 213
32 217
32 258
32 263
32 310
32 320
32 321
32 331
32 339
32 345
32 350
32 391
32 400
32 406
32 421
32 452
33 34
33 52
33 98
33 106
33 153
33 186
33 188
33 201
33 206
33 208
33 222
33 256
33 340
33 381
33 410
33 418
33 441
33 466
33 489
33 491
33 497
34 35
34 71
34 83
34 115
34 129
34 132
34 136
34 138
34 156
34 208
34 221
34 240
34 256
34 288
34 300
34 303
34 328
34 355
34 356
34 377
34 391
34 398
34 424
34 490
34 492
34 495
35 36
35 54
35 56
35 66
35 75
35 149
35 155
35 185
35 186
35 227
35 257
35 269
35 277
35 290
35 295
35 337
35 392
35 403
35 409
35 418
35 420
35 430
35 432
35 439
35 449
35 462
35 484
36 37
36 50
36 99
36 132
36 141
36 160
36 164
36 166
36 180
36 181
36 190
36 211
36 267
36 283
36 302
36 304
36 323
36 357
36 382
36 387
36 434
36 479
37 38
37 64
37 76
37 92
37 119
37 129
37 133
37 147
37 149
37 153
37 163
37 174
37 180
37 182
37 196
37 199
37 216
37 219
37 220
37 231
37 239
37 249
37 270
37 289
37 309
37 367
37 368
37 369
37 407
37 423
37 440
37 484
37 486
38 39
38 47
38 66
38 78
38 111
38 138
38 166
38 174
38 182
38 231
38 238
38 239
38 280
38 285
38 320
38 330
38 344
38 429
38 435
38 455
38 460
39 40
39 89
39 125
39 136
39 187
39 189
39 196
39 208
39 222
39 242
39 273
39 325
39 329
39 352
39 362
39 387
39 402
39 404
39 410
39 417
39 433
39 453
39 471
39 472
39 477
39 478
39 484
39 494
39 495
40 41
40 47
40 73
40 76
40 88
40 122
40 134
40 143
40 153
40 179
40 185
40 194
40 210
40 233
40 260
40 265
40 286
40 289
40 291
40 308
40 331
40 353
40 360
40 377
40 395
40 403
40 412
40 422
40 425
40 426
40 444
40 445
40 457
40 459
40 465
40 490
40 493
40 496
41 42
41 46
41 52
41 55
41 72
41 73
41 135
41 199
41 208
41 209
41 243
41 251
41 252
41 279
41 287
41 297
41 301
41 305
41 336
41 379
41 408
41 426
41 427
41 429
41 459
41 462
41 487
42 43
42 58
42 75
42 96
42 102
42 142
42 155
42 165
42 175
42 177
42 179
42 180
42 206
42 207
42 217
42 237
42 261
42 322
42 332
42 335
42 366
42 385
42 391
42 427
42 467
42 468
42 496
43 44
43 50
43 55
43 72
43 73
43 77
43 82
43 85
43 89
43 128
43 133
43 138
43 145
43 169
43 182
43 205
43 238
43 281
43 284
43 287
43 294
43 296
43 341
43 353
43 359
43 361
43 387
43 402
43 409
43 424
43 450
43 458
43 482
44 45
44 56
44 66
44 76
44 77
44 90
44 92
44 95
44 96
44 121
44 131
44 152
44 194
44 198
44 236
44 268
44 269
44 285
44 287
44 289
44 301
44 312
44 351
44 363
44 369
44 393
44 401
44 405
44 406
44 427
44 473
45 46
45 58
45 63
45 65
45 88
45 109
45 110
45 119
45 121
45 125
45 146
45 149
45 159
45 163
45 168
45 169
45 187
45 194
45 205
45 212
45 214
45 216
45 255
45 262
45 285
45 293
45 296
45 308
45 309
45 323
45 331
45 338
45 365
45 393
45 404
45 432
45 464
45 472
45 482
45 487
46 47
46 49
46 61
46 75
46 133
46 155
46 169
46 175
46 201
46 248
46 253
46 282
46 298
46 303
46 309
46 311
46 334
46 336
46 341
46 365
46 376
46 379
46 395
46 416
46 442
46 446
46 474
46 493
46 494
47 48
47 78
47 85
47 106
47 132
47 157
47 185
47 220
47 221
47 251
47 252
47 285
47 287
47 314
47 317
47 344
47 347
47 356
47 365
47 377
47 387
47 398
47 438
47 478
47 481
48 49
48 62
48 64
48 92
48 102
48 112
48 144
48 145
48 157
48 175
48 176
48 180
48 224
48 268
48 292
48 311
48 327
48 365
48 388
48 402
48 419
48 442
48 444
48 457
48 459
49 50
49 65
49 84
49 95
49 96
49 127
49 144
49 188
49 205
49 215
49 222
49 231
49 235
49 271
49 273
49 282
49 290
49 308
49 321
49 325
49 356
49 379
49 458
49 487
50 51
50 52
50 78
50 129
50 140
50 184
50 214
50 217
50 223
50 233
50 250
50 255
50 267
50 279
50 292
50 308
50 355
50 377
50 402
50 436
50 437
50 443
50 450
51 52
51 78
51 90
51 93
51 118
51 146
51 151
51 156
51 174
51 248
51 250
51 255
51 262
51 276
51 293
51 294
51 303
51 319
51 331
51 337
51 362
51 377
51 412
51 414
51 437
51 447
52 53
52 110
52 117
52 132
52 144
52 165
52 182
52 221
52 244
52 247
52 268
52 301
52 302
52 308
52 316
52 333
52 335
52 352
52 361
52 370
52 378
52 395
52 396
52 404
52 406
52 439
52 445
52 458
52 459
52 462
52 484
53 54
53 67
53 89
53 114
53 122
53 144
53 155
53 156
53 160
53 184
53 222
53 225
53 268
53 269
53 273
53 280
53 282
53 283
53 301
53 358
53 359
53 360
53 364
53 373
53 375
53 376
53 391
53 401
53 435
53 453
53 491
54 55
54 97
54 106
54 135
54 143
54 179
54 182
54 196
54 214
54 224
54 230
54 248
54 250
54 285
54 294
54 295
54 303
54 315
54 334
54 364
54 375
54 455
54 471
54 475
55 56
55 73
55 83
55 180
55 184
55 187
55 236
55 239
55 245
55 264
55 294
55 319
55 329
55 335
55 356
55 384
55 385
55 390
55 424
55 450
55 452
55 461
55 463
55 473
55 485
56 57
56 77
56 111
56 124
56 177
56 178
56 204
56 206
56 254
56 271
56 284
56 300
56 356
56 370
56 381
56 422
56 428
56 465
56 467
56 478
56 491
56 492
56 498
57 58
57 68
57 107
57 121
57 153
57 155
57 232
57 254
57 274
57 362
57 368
57 370
57 380
57 383
57 421
57 426
57 427
57 435
57 441
57 483
57 490
57 491
58 59
58 67
58 85
58 90
58 150
58 158
58 159
58 164
58 219
58 264
58 280
58 290
58 301
58 302
58 308
58 316
58 317
58 324
58 326
58 336
58 356
58 366
58 379
58 417
58 484
59 60
59 70
59 72
59 76
59 93
59 104
59 109
59 150
59 160
59 203
59 228
59 255
59 259
59 265
59 272
59 287
59 290
59 307
59 329
59 337
59 378
59 387
59 389
59 402
59 423
59 440
59 444
59 458
59 468
59 471
59 484
60 61
60 68
60 78
60 82
60 85
60 91
60 111
60 112
60 129
60 151
60 189
60 195
60 214
60 227
60 237
60 267
60 281
60 311
60 318
60 334
60 339
60 412
60 432
60 437
60 444
61 62
61 87
61 107
61 117
61 125
61 132
61 160
61 192
61 193
61 200
61 208
61 223
61 224
61 259
61 314
61 352
61 367
61 371
61 383
61 385
61 447
61 472
61 474
62 63
62 76
62 134
62 135
62 143
62 176
62 177
62 180
62 191
62 198
62 214
62 227
62 234
62 239
62 274
62 281
62 283
62 290
62 317
62 318
62 348
62 362
62 375
62 379
62 438
62 440
62 447
62 494
62 497
63 64
63 97
63 148
63 159
63 179
63 192
63 210
63 228
63 248
63 260
63 292
63 294
63 304
63 330
63 367
63 372
63 386
63 391
63 399
63 444
63 453
64 65
64 93
64 95
64 118
64 122
64 132
64 136
64 137
64 139
64 147
64 196
64 202
64 216
64 250
64 266
64 271
64 272
64 303
64 308
64 321
64 334
64 374
64 382
64 395
64 400
64 432
64 439
64 482
64 490
64 496
64 499
65 66
65 78
65 88
65 162
65 182
65 230
65 241
65 265
65 277
65 300
65 325
65 365
65 387
65 388
65 399
65 423
65 440
65 449
65 452
65 468
66 67
66 81
66 83
66 88
66 89
66 113
66 139
66 147
66 176
66 177
66 180
66 183
66 207
66 210
66 211
66 213
66 231
66 237
66 242
66 252
66 265
66 269
66 285
66 287
66 289
66 314
66 315
66 339
66 371
66 377
66 391
66 397
66 401
66 473
66 474
66 488
67 68
67 75
67 88
67 102
67 125
67 129
67 132
67 142
67 155
67 156
67 180
67 212
67 225
67 232
67 254
67 255
67 262
67 284
67 285
67 335
67 337
67 365
67 379
67 398
67 409
67 426
67 435
67 446
67 453
67 469
67 499
68 69
68 77
68 78
68 82
68 83
68 103
68 121
68 146
68 157
68 198
68 230
68 248
68 263
68 276
68 278
68 280
68 281
68 299
68 303
68 313
68 315
68 319
68 341
68 359
68 373
68 397
68 401
68 405
68 409
68 423
68 432
68 450
69 70
69 94
69 105
69 110
69 125
69 130
69 136
69 138
69 152
69 158
69 178
69 187
69 190
69 222
69 286
69 306
69 354
69 372
69 389
69 425
69 443
69 447
69 450
69 452
69 454
69 455
69 482
69 488
69 489
69 495
70 71
70 80
70 96
70 107
70 117
70 132
70 197
70 248
70 289
70 302
70 309
70 312
70 329
70 360
70 366
70 403
70 416
70 462
70 478
70 489
71 72
71 80
71 81
71 82
71 88
71 93
71 126
71 137
71 180
71 183
71 209
71 215
71 257
71 259
71 272
71 275
71 321
71 354
71 369
71 383
71 401
71 407
71 408
71 464
71 466
71 478
71 489
71 490
71 492
72 73
72 79
72 99
72 101
72 108
72 158
72 171
72 182
72 186
72 188
72 195
72 197
72 220
72 235
72 237
72 253
72 283
72 299
72 301
72 302
72 339
72 369
72 376
72 385
72 393
72 394
72 397
72 400
72 446
72 471
72 499
73 74
73 84
73 90
73 102
73 106
73 144
73 154
73 223
73 227
73 263
73 303
73 335
73 341
73 361
73 371
73 385
73 386
73 422
73 452
73 498
74 75
74 78
74 86
74 97
74 112
74 155
74 201
74 203
74 236
74 261
74 310
74 319
74 321
74 337
74 362
74 367
74 369
74 384
74 403
74 430
74 445
74 450
74 473
74 475
74 482
75 76
75 80
75 89
75 103
75 111
75 121
75 141
75 148
75 160
75 164
75 173
75 193
75 196
75 205
75 222
75 238
75 240
75 289
75 293
75 296
75 308
75 318
75 333
75 355
75 357
75 367
75 374
75 380
75 381
75 383
75 393
75 420
75 433
75 437
75 444
75 449
75 452
75 467
75 472
75 486
76 77
76 80
76 95
76 110
76 126
76 136
76 138
76 151
76 172
76 198
76 199
76 222
76 224
76 235
76 251
76 268
76 282
76 300
76 322
76 353
76 355
76 365
76 404
76 433
76 437
76 442
76 446
76 455
76 485
76 490
77 78
77 101
77 103
77 123
77 142
77 159
77 175
77 201
77 211
77 257
77 270
77 287
77 289
77 353
77 357
77 376
77 377
77 378
77 412
77 445
77 461
78 79
78 89
78 114
78 155
78 190
78 201
78 244
78 246
78 268
78 270
78 279
78 288
78 295
78 297
78 298
78 326
78 372
78 383
78 419
78 433
78 435
78 461
78 472
78 495
78 498
79 80
79 99
79 100
79 103
79 115
79 140
79 190
79 201
79 203
79 250
79 268
79 298
79 301
79 316
79 340
79 345
79 349
79 355
79 356
79 363
79 369
79 386
79 394
79 433
79 443
79 454
79 463
79 479
79 495
80 81
80 86
80 87
80 110
80 126
80 131
80 176
80 181
80 190
80 199
80 219
80 251
80 261
80 272
80 347
80 383
80 400
80 410
80 419
80 432
80 434
80 446
80 459
80 462
80 476
80 478
81 82
81 123
81 133
81 145
81 157
81 196
81 204
81 218
81 219
81 251
81 299
81 301
81 306
81 309
81 314
81 333
81 339
81 372
81 397
81 401
81 420
81 421
81 428
81 441
81 445
81 447
81 448
81 449
81 451
81 479
81 490
81 494
82 83
82 120
82 137
82 138
82 150
82 169
82 178
82 215
82 231
82 241
82 246
82 268
82 275
82 299
82 308
82 315
82 351
82 362
82 374
82 384
82 409
82 413
82 427
82 433
82 434
82 467
82 469
82 487
83 84
83 98
83 101
83 103
83 143
83 150
83 152
83 161
83 177
83 192
83 201
83 217
83 219
83 234
83 236
83 263
83 265
83 273
83 274
83 295
83 306
83 339
83 344
83 345
83 368
83 376
83 395
83 398
83 442
83 488
84 85
84 122
84 145
84 146
84 158
84 167
84 173
84 178
84 187
84 214
84 229
84 324
84 380
84 413
84 415
84 416
84 427
84 470
84 484
85 86
85 109
85 117
85 118
85 169
85 192
85 199
85 201
85 261
85 269
85 298
85 301
85 313
85 318
85 354
85 383
85 399
85 402
85 409
85 425
85 449
85 457
85 471
85 475
85 490
85 494
86 87
86 111
86 118
86 119
86 123
86 147
86 154
86 161
86 164
86 170
86 216
86 218
86 230
86 236
86 237
86 286
86 289
86 298
86 318
86 338
86 358
86 359
86 383
86 455
86 492
87 88
87 115
87 119
87 136
87 143
87 167
87 170
87 180
87 185
87 253
87 262
87 286
87 306
87 333
87 334
87 386
87 394
87 402
87 438
87 442
87 473
88 89
88 101
88 113
88 133
88 144
88 154
88 184
88 242
88 252
88 260
88 266
88 277
88 284
88 291
88 301
88 308
88 340
88 347
88 376
88 397
88 408
88 425
88 433
88 436
88 442
88 464
88 469
88 477
88 497
89 90
89 113
89 139
89 158
89 167
89 168
89 192
89 199
89 201
89 202
89 205
89 254
89 266
89 267
89 305
89 309
89 323
89 331
89 347
89 351
89 380
89 384
89 391
89 449
89 456
90 91
90 108
90 116
90 121
90 130
90 145
90 189
90 254
90 258
90 259
90 306
90 313
90 318
90 324
90 353
90 430
90 441
90 455
90 489
91 92
91 119
91 128
91 136
91 137
91 146
91 185
91 204
91 231
91 236
91 244
91 246
91 252
91 260
91 281
91 291
91 315
91 316
91 318
91 330
91 353
91 397
91 408
91 417
91 477
92 93
92 103
92 107
92 115
92 137
92 155
92 159
92 188
92 199
92 201
92 218
92 223
92 260
92 262
92 277
92 282
92 326
92 337
92 378
92 392
92 405
92 423
92 424
92 429
92 441
92 455
92 458
92 462
92 464
92 484
93 94
93 102
93 111
93 161
93 165
93 179
93 225
93 232
93 234
93 251
93 253
93 257
93 262
93 263
93 303
93 317
93 326
93 327
93 334
93 338
93 356
93 375
93 453
93 458
93 468
93 473
93 499
94 95
94 100
94 174
94 175
94 189
94 199
94 233
94 239
94 250
94 263
94 264
94 265
94 267
94 276
94 330
94 333
94 352
94 362
94 396
94 449
94 471
95 96
95 123
95 133
95 141
95 163
95 175
95 178
95 184
95 215
95 232
95 235
95 237
95 247
95 265
95 268
95 282
95 283
95 290
95 296
95 310
95 346
95 353
95 361
95 368
95 379
95 408
95 478
95 487
96 97
96 136
96 145
96 157
96 185
96 194
96 197
96 216
96 218
96 219
96 224
96 229
96 242
96 253
96 278
96 286
96 300
96 302
96 315
96 324
96 331
96 350
96 375
96 391
96 407
96 410
96 436
96 467
97 98
97 104
97 105
97 109
97 130
97 140
97 146
97 151
97 194
97 204
97 224
97 237
97 253
97 291
97 380
97 418
97 450
97 455
97 470
97 487
97 491
97 494
97 496
98 99
98 107
98 141
98 144
98 166
98 179
98 183
98 205
98 213
98 229
98 245
98 249
98 252
98 283
98 302
98 306
98 307
98 317
98 318
98 323
98 330
98 338
98 341
98 362
98 396
98 406
98 432
98 460
98 464
98 475
98 476
98 478
99 100
99 108
99 110
99 113
99 126
99 128
99 138
99 146
99 153
99 177
99 189
99 191
99 214
99 252
99 260
99 276
99 285
99 292
99 302
99 304
99 305
99 321
99 342
99 391
99 410
99 425
99 426
99 453
99 462
99 465
99 467
99 472
99 484
100 101
100 122
100 126
100 146
100 160
100 189
100 206
100 210
100 212
100 236
100 241
100 258
100 285
100 292
100 307
100 309
100 334
100 349
100 353
100 365
100 366
100 370
100 382
100 385
100 444
100 461
101 102
101 123
101 130
101 201
101 207
101 216
101 217
101 244
101 254
101 259
101 280
101 294
101 320
101 324
101 371
101 373
101 380
101 395
101 411
101 460
101 495
102 103
102 127
102 159
102 169
102 175
102 190
102 194
102 200
102 201
102 203
102 207
102 249
102 261
102 274
102 294
102 298
102 327
102 334
102 335
102 361
102 369
102 376
102 381
102 412
102 418
102 430
102 446
102 458
103 104
103 118
103 121
103 125
103 142
103 186
103 192
103 201
103 219
103 227
103 248
103 249
103 269
103 279
103 290
103 291
103 338
103 341
103 358
103 377
103 386
103 389
103 410
103 415
103 425
103 439
103 444
103 456
103 468
103 495
104 105
104 113
104 128
104 130
104 139
104 147
104 191
104 202
104 205
104 206
104 224
104 236
104 243
104 267
104 283
104 306
104 318
104 321
104 337
104 350
104 357
104 391
104 408
104 418
104 439
104 447
104 457
104 468
105 106
105 135
105 147
105 159
105 184
105 187
105 198
105 204
105 214
105 228
105 248
105 275
105 286
105 312
105 329
105 351
105 361
105 400
105 403
105 421
105 433
105 434
105 464
105 466
105 481
105 489
105 496
105 497
106 107
106 113
106 118
106 141
106 142
106 158
106 162
106 174
106 181
106 202
106 229
106 248
106 301
106 345
106 353
106 384
106 415
106 424
106 436
106 440
106 454
106 472
106 487
107 108
107 125
107 127
107 129
107 146
107 194
107 201
107 206
107 214
107 219
107 223
107 224
107 229
107 253
107 259
107 293
107 310
107 325
107 343
107 352
107 355
107 371
107 437
107 479
107 486
108 109
108 139
108 145
108 158
108 202
108 214
108 230
108 267
108 274
108 281
108 290
108 301
108 311
108 314
108 352
108 356
108 369
108 386
108 396
108 403
108 406
108 428
108 429
108 452
108 481
109 110
109 111
109 116
109 119
109 139
109 148
109 155
109 163
109 187
109 192
109 213
109 243
109 245
109 300
109 324
109 347
109 349
109 364
109 373
109 374
109 382
109 386
109 409
109 417
109 419
109 449
109 454
110 111
110 121
110 136
110 170
110 187
110 197
110 205
110 219
110 221
110 250
110 300
110 310
110 312
110 314
110 326
110 329
110 332
110 367
110 375
110 384
110 385
110 404
110 432
110 441
110 455
110 456
110 478
110 480
110 483
111 112
111 114
111 120
111 131
111 147
111 155
111 210
111 245
111 249
111 289
111 303
111 341
111 355
111 368
111 382
111 389
111 391
111 408
111 414
111 452
111 460
111 472
111 473
112 113
112 123
112 126
112 162
112 183
112 211
112 225
112 239
112 248
112 261
112 284
112 351
112 354
112 362
112 364
112 381
112 383
112 388
112 396
112 414
112 421
112 439
112 450
112 475
112 476
112 487
112 498
113 114
113 115
113 137
113 163
113 167
113 196
113 204
113 214
113 261
113 291
113 325
113 327
113 421
113 427
113 429
113 434
113 447
114 115
114 201
114 229
114 244
114 267
114 268
114 269
114 286
114 296
114 305
114 334
114 342
114 388
114 410
114 411
114 445
114 450
114 477
115 116
115 122
115 131
115 151
115 160
115 162
115 166
115 183
115 186
115 188
115 214
115 226
115 238
115 258
115 308
115 324
115 331
115 334
115 338
115 356
115 360
115 404
115 416
115 419
115 430
115 435
115 461
115 473
115 476
115 481
115 487
116 117
116 145
116 155
116 216
116 276
116 290
116 295
116 312
116 336
116 352
116 362
116 369
116 374
116 377
116 407
116 413
116 457
116 464
116 471
116 474
116 482
116 490
117 118
117 158
117 166
117 177
117 206
117 226
117 228
117 256
117 273
117 282
117 323
117 415
117 436
117 471
117 480
118 119
118 153
118 167
118 191
118 227
118 243
118 245
118 283
118 299
118 326
118 355
118 358
118 360
118 374
118 388
118 394
118 395
118 404
118 460
118 476
118 499
119 120
119 153
119 174
119 202
119 209
119 214
119 220
119 244
119 261
119 296
119 321
119 344
119 371
119 391
119 412
119 414
119 423
119 444
119 450
119 462
119 491
120 121
120 124
120 134
120 135
120 169
120 185
120 192
120 244
120 260
120 286
120 331
120 333
120 334
120 384
120 423
120 425
120 465
120 468
121 122
121 124
121 129
121 138
121 155
121 157
121 174
121 192
121 198
121 199
121 213
121 275
121 280
121 287
121 302
121 339
121 379
121 437
121 444
121 459
121 466
121 474
121 479
122 123
122 132
122 134
122 153
122 163
122 172
122 184
122 213
122 217
122 227
122 236
122 241
122 247
122 252
122 281
122 310
122 387
122 401
122 406
122 409
122 411
122 418
122 419
122 429
122 445
122 451
122 487
122 490
122 499
123 124
123 134
123 139
123 142
123 144
123 153
123 157
123 164
123 184
123 193
123 224
123 270
123 278
123 281
123 301
123 309
123 314
123 325
123 336
123 351
123 354
123 355
123 362
123 365
123 366
123 379
123 393
123 417
123 422
123 461
123 487
123 494
124 125
124 153
124 157
124 158
124 163
124 181
124 190
124 195
124 213
124 215
124 241
124 255
124 268
124 309
124 336
124 396
124 397
124 407
124 440
124 451
124 459
125 126
125 132
125 139
125 157
125 170
125 189
125 222
125 257
125 258
125 264
125 273
125 277
125 295
125 302
125 337
125 348
125 353
125 383
125 388
125 453
125 458
125 491
126 127
126 150
126 165
126 196
126 211
126 227
126 254
126 299
126 313
126 331
126 345
126 348
126 389
126 419
126 436
126 441
126 453
126 471
126 475
126 476
126 488
127 128
127 154
127 180
127 186
127 205
127 234
127 238
127 308
127 338
127 353
127 361
127 390
127 397
127 423
127 435
127 437
127 439
127 456
127 458
127 466
127 472
127 475
127 487
128 129
128 132
128 181
128 182
128 196
128 211
128 261
128 270
128 297
128 299
128 300
128 326
128 327
128 367
128 387
128 389
128 396
128 411
128 416
128 444
128 471
128 473
128 483
128 488
128 493
129 130
129 163
129 165
129 171
129 175
129 187
129 214
129 216
129 219
129 240
129 245
129 246
129 265
129 267
129 271
129 275
129 298
129 326
129 329
129 339
129 365
129 368
129 373
129 394
129 399
129 400
129 403
129 418
129 466
129 492
130 131
130 150
130 173
130 174
130 184
130 200
130 207
130 246
130 273
130 278
130 282
130 291
130 293
130 306
130 310
130 312
130 318
130 332
130 374
130 383
130 385
130 425
130 430
130 441
130 464
130 472
130 477
130 483
130 490
130 499
131 132
131 162
131 178
131 189
131 221
131 249
131 271
131 314
131 327
131 333
131 338
131 354
131 366
131 375
131 381
131 383
131 393
131 426
131 460
131 461
131 479
132 133
132 161
132 171
132 177
132 184
132 194
132 216
132 249
132 282
132 283
132 301
132 323
132 346
132 382
132 405
132 434
132 459
132 471
133 134
133 143
133 204
133 219
133 239
133 257
133 267
133 320
133 325
133 329
133 337
133 353
133 381
133 382
133 396
133 402
133 446
133 451
133 459
133 460
133 487
134 135
134 141
134 150
134 164
134 189
134 190
134 191
134 192
134 202
134 219
134 229
134 240
134 247
134 270
134 278
134 295
134 306
134 316
134 319
134 346
134 349
134 356
134 362
134 384
134 386
134 397
134 423
134 450
134 463
134 466
134 478
134 479
134 486
134 495
135 136
135 148
135 149
135 192
135 194
135 208
135 211
135 240
135 252
135 263
135 272
135 281
135 282
135 284
135 303
135 310
135 360
135 379
135 400
135 407
135 442
135 446
135 449
135 453
135 465
135 486
136 137
136 162
136 164
136 200
136 255
136 259
136 268
136 304
136 319
136 336
136 343
136 385
136 387
136 411
136 418
136 440
136 465
136 472
136 485
137 138
137 169
137 199
137 227
137 248
137 254
137 259
137 262
137 289
137 299
137 308
137 350
137 386
137 396
137 402
137 415
137 435
137 439
137 440
137 444
137 452
137 478
137 490
137 497
138 139
138 149
138 193
138 238
138 278
138 283
138 316
138 325
138 327
138 328
138 331
138 363
138 373
138 377
138 391
138 411
138 417
138 428
138 442
138 461
138 468
138 477
139 140
139 160
139 185
139 269
139 285
139 295
139 323
139 341
139 343
139 373
139 393
139 425
139 438
139 468
139 478
139 490
139 496
139 498
140 141
140 145
140 151
140 163
140 167
140 178
140 198
140 237
140 240
140 313
140 319
140 370
140 378
140 387
140 413
140 442
140 468
140 477
140 481
140 488
140 493
141 142
141 164
141 222
141 225
141 237
141 286
141 287
141 288
141 298
141 319
141 346
141 347
141 348
141 359
141 392
141 444
141 447
141 451
141 492
141 495
141 497
142 143
142 179
142 218
142 222
142 226
142 250
142 274
142 280
142 284
142 292
142 294
142 323
142 352
142 354
142 406
142 407
142 409
142 411
142 419
142 420
142 429
142 433
142 444
142 449
142 463
142 467
142 488
142 498
143 144
143 146
143 168
143 173
143 194
143 223
143 231
143 249
143 255
143 269
143 284
143 323
143 342
143 345
143 355
143 357
143 358
143 361
143 372
143 390
143 412
143 426
143 443
143 444
143 459
143 486
144 145
144 155
144 173
144 216
144 228
144 234
144 241
144 243
144 297
144 354
144 357
144 360
144 374
144 379
144 409
144 430
144 435
144 457
144 499
145 146
145 173
145 181
145 219
145 232
145 235
145 236
145 255
145 263
145 287
145 316
145 317
145 328
145 366
145 386
145 394
145 407
145 431
145 435
145 444
145 446
145 451
146 147
146 177
146 181
146 200
146 289
146 296
146 308
146 323
146 324
146 348
146 352
146 372
146 402
146 422
146 453
147 148
147 166
147 211
147 220
147 233
147 249
147 261
147 293
147 317
147 323
147 330
147 336
147 341
147 352
147 356
147 376
147 420
147 434
147 446
147 453
147 480
147 487
147 497
148 149
148 189
148 207
148 222
148 227
148 232
148 240
148 246
148 280
148 292
148 293
148 305
148 312
148 333
148 363
148 365
148 368
148 385
148 395
148 409
148 419
148 425
148 427
148 453
148 471
149 150
149 161
149 176
149 216
149 257
149 272
149 299
149 305
149 306
149 324
149 325
149 347
149 447
149 450
149 461
149 465
149 489
150 151
150 167
150 179
150 195
150 223
150 231
150 232
150 257
150 261
150 269
150 274
150 291
150 292
150 306
150 322
150 334
150 354
150 387
150 389
150 403
150 409
150 469
150 476
150 495
151 152
151 160
151 164
151 196
151 214
151 215
151 220
151 228
151 233
151 239
151 255
151 290
151 297
151 303
151 327
151 373
151 386
151 399
151 438
151 456
151 463
151 467
151 480
152 153
152 159
152 166
152 206
152 240
152 251
152 257
152 269
152 283
152 299
152 339
152 342
152 371
152 440
152 442
152 459
152 480
153 154
153 180
153 202
153 207
153 208
153 229
153 243
153 268
153 281
153 288
153 307
153 317
153 340
153 341
153 362
153 446
153 466
153 495
154 155
154 160
154 161
154 171
154 175
154 200
154 219
154 228
154 266
154 278
154 293
154 315
154 320
154 324
154 327
154 337
154 341
154 352
154 353
154 387
154 393
154 395
154 397
154 427
154 447
154 449
154 484
155 156
155 166
155 227
155 246
155 254
155 279
155 290
155 301
155 321
155 328
155 329
155 354
155 399
155 408
155 428
155 442
155 456
155 475
156 157
156 159
156 176
156 178
156 181
156 183
156 198
156 294
156 317
156 346
156 378
156 396
156 402
156 408
156 413
156 432
156 434
156 456
156 475
156 489
156 496
156 498
157 158
157 170
157 186
157 200
157 201
157 212
157 219
157 225
157 234
157 238
157 242
157 245
157 247
157 253
157 262
157 297
157 313
157 315
157 354
157 394
157 408
157 419
157 433
157 438
157 450
157 484
157 487
158 159
158 168
158 192
158 196
158 221
158 256
158 266
158 281
158 355
158 362
158 385
158 388
158 389
158 399
158 407
158 411
158 413
158 420
158 422
158 450
159 160
159 168
159 182
159 196
159 207
159 208
159 211
159 247
159 248
159 262
159 292
159 306
159 314
159 346
159 407
159 410
159 415
159 417
159 419
159 450
159 457
159 471
159 487
160 161
160 182
160 187
160 198
160 224
160 228
160 237
160 251
160 281
160 283
160 288
160 294
160 310
160 320
160 325
160 326
160 366
160 379
160 404
160 453
160 482
160 493
161 162
161 184
161 204
161 206
161 208
161 232
161 275
161 283
161 291
161 297
161 300
161 313
161 314
161 335
161 337
161 396
161 411
161 429
161 430
161 432
161 437
161 459
161 460
161 470
161 484
161 490
162 163
162 185
162 194
162 200
162 220
162 234
162 242
162 245
162 262
162 297
162 306
162 327
162 338
162 344
162 370
162 420
162 428
162 438
162 447
162 453
162 456
162 458
162 464
162 478
162 484
162 497
163 164
163 176
163 177
163 194
163 204
163 220
163 223
163 240
163 256
163 261
163 289
163 345
163 395
163 404
163 410
163 418
163 427
163 442
163 450
163 467
163 489
164 165
164 180
164 181
164 216
164 225
164 270
164 282
164 303
164 320
164 326
164 333
164 344
164 347
164 363
164 369
164 373
164 394
164 400
164 412
164 427
164 435
164 451
164 453
164 468
164 493
165 166
165 187
165 220
165 228
165 235
165 252
165 255
165 273
165 281
165 283
165 329
165 334
165 350
165 385
165 394
165 395
165 410
165 456
165 485
166 167
166 171
166 175
166 176
166 190
166 195
166 197
166 209
166 210
166 216
166 217
166 225
166 236
166 242
166 251
166 259
166 275
166 285
166 291
166 292
166 304
166 322
166 323
166 369
166 370
166 373
166 375
166 393
166 415
166 447
166 457
166 482
166 490
166 499
167 168
167 171
167 198
167 201
167 202
167 232
167 238
167 249
167 258
167 272
167 291
167 298
167 302
167 323
167 328
167 368
167 375
167 387
167 452
167 470
168 169
168 192
168 231
168 253
168 257
168 271
168 318
168 344
168 350
168 361
168 385
169 170
169 182
169 189
169 192
169 234
169 243
169 247
169 333
169 347
169 353
169 383
169 399
169 427
169 443
169 446
169 470
169 494
170 171
170 174
170 175
170 183
170 218
170 230
170 328
170 359
170 371
170 384
170 450
170 455
170 458
170 498
171 172
171 183
171 187
171 198
171 219
171 235
171 237
171 240
171 242
171 278
171 322
171 331
171 333
171 335
171 345
171 348
171 351
171 363
171 377
171 378
171 391
171 423
171 427
171 434
171 443
171 444
171 449
171 456
171 493
172 173
172 176
172 202
172 204
172 222
172 232
172 257
172 278
172 283
172 316
172 332
172 341
172 365
172 376
172 399
172 460
172 469
172 490
172 492
173 174
173 205
173 214
173 218
173 238
173 270
173 294
173 316
173 344
173 345
173 356
173 363
173 393
173 395
173 409
173 420
173 423
173 428
173 438
173 444
173 446
173 487
173 488
174 175
174 198
174 207
174 215
174 216
174 220
174 243
174 255
174 261
174 264
174 272
174 274
174 281
174 289
174 327
174 328
174 341
174 372
174 380
174 381
174 383
174 409
174 432
174 447
175 176
175 179
175 187
175 188
175 193
175 231
175 239
175 251
175 256
175 298
175 301
175 329
175 332
175 338
175 346
175 347
175 366
175 381
175 435
175 436
175 438
175 449
175 450
175 473
175 485
175 491
176 177
176 181
176 191
176 195
176 275
176 283
176 304
176 307
176 309
176 330
176 340
176 358
176 379
176 405
176 428
176 460
176 483
177 178
177 195
177 220
177 232
177 249
177 250
177 263
177 277
177 299
177 311
177 349
177 352
177 359
177 361
177 391
177 400
177 437
177 445
177 446
177 489
177 494
177 498
178 179
178 194
178 207
178 248
178 259
178 260
178 273
178 313
178 327
178 332
178 337
178 413
178 429
178 432
178 437
178 440
178 451
178 455
178 461
178 463
178 471
178 476
178 492
179 180
179 182
179 207
179 219
179 244
179 258
179 324
179 326
179 342
179 343
179 399
179 418
179 432
179 442
179 470
179 481
179 493
179 494
180 181
180 191
180 202
180 204
180 211
180 217
180 221
180 233
180 263
180 271
180 314
180 318
180 351
180 352
180 377
180 391
180 419
180 420
180 421
180 425
180 441
180 447
180 499
181 182
181 221
181 228
181 230
181 248
181 253
181 266
181 273
181 339
181 340
181 356
181 360
181 362
181 373
181 394
181 396
181 430
181 455
181 471
181 474
181 476
181 480
182 183
182 219
182 246
182 257
182 264
182 286
182 300
182 303
182 316
182 355
182 367
182 399
182 407
182 426
182 442
183 184
183 185
183 233
183 237
183 247
183 249
183 263
183 282
183 292
183 297
183 308
183 309
183 324
183 330
183 334
183 343
183 394
183 400
183 428
183 448
183 465
184 185
184 191
184 205
184 213
184 224
184 231
184 257
184 274
184 275
184 278
184 310
184 325
184 331
184 333
184 335
184 351
184 373
184 379
184 399
184 411
184 426
184 448
184 460
184 471
184 473
184 486
184 498
185 186
185 189
185 210
185 242
185 273
185 277
185 278
185 340
185 351
185 378
185 394
185 426
185 457
185 492
186 187
186 286
186 294
186 295
186 296
186 319
186 334
186 337
186 349
186 350
186 382
186 394
186 403
186 417
186 420
186 424
186 445
186 457
186 498
186 499
187 188
187 193
187 212
187 218
187 228
187 247
187 281
187 283
187 304
187 317
187 327
187 333
187 344
187 365
187 377
187 421
187 476
187 477
187 479
188 189
188 221
188 222
188 231
188 305
188 308
188 318
188 355
188 360
188 383
188 404
188 412
188 414
188 430
188 431
188 437
188 448
188 470
189 190
189 195
189 217
189 232
189 249
189 251
189 252
189 253
189 289
189 298
189 345
189 354
189 422
189 425
189 428
189 430
189 439
189 458
189 469
189 480
190 191
190 278
190 282
190 290
190 298
190 299
190 315
190 317
190 326
190 328
190 331
190 345
190 352
190 356
190 361
190 362
190 377
190 402
190 494
190 495
191 192
191 193
191 210
191 217
191 238
191 250
191 265
191 294
191 320
191 321
191 325
191 334
191 344
191 364
191 429
191 457
191 460
191 466
191 467
192 193
192 208
192 219
192 235
192 239
192 243
192 264
192 302
192 307
192 336
192 341
192 372
192 430
192 434
192 445
192 454
192 460
192 475
192 480
192 487
193 194
193 218
193 221
193 222
193 226
193 244
193 248
193 266
193 277
193 283
193 288
193 310
193 315
193 320
193 326
193 333
193 354
193 396
193 426
193 447
193 452
193 470
194 195
194 202
194 205
194 210
194 296
194 298
194 300
194 314
194 335
194 344
194 388
194 394
194 402
194 450
194 470
194 488
194 493
195 196
195 229
195 241
195 247
195 316
195 338
195 357
195 391
195 401
195 402
195 415
195 441
195 468
195 470
195 475
195 488
195 490
196 197
196 217
196 224
196 237
196 246
196 264
196 278
196 284
196 300
196 308
196 343
196 351
196 356
196 361
196 368
196 392
196 397
196 399
196 424
196 427
196 453
196 457
197 198
197 202
197 205
197 220
197 230
197 231
197 235
197 252
197 265
197 267
197 309
197 321
197 325
197 342
197 364
197 376
197 383
197 387
197 393
197 443
197 476
197 482
198 199
198 215
198 217
198 228
198 305
198 336
198 339
198 368
198 376
198 389
198 423
198 435
198 448
198 458
199 200
199 204
199 217
199 257
199 259
199 271
199 276
199 314
199 324
199 355
199 356
199 406
199 420
199 422
199 437
199 444
199 446
199 459
199 460
199 478
199 493
200 201
200 216
200 229
200 231
200 239
200 259
200 263
200 265
200 276
200 290
200 369
200 385
200 415
200 433
200 453
200 477
200 492
200 498
201 202
201 204
201 232
201 237
201 239
201 273
201 276
201 298
201 302
201 312
201 313
201 314
201 326
201 346
201 359
201 361
201 397
201 417
201 418
201 419
201 421
201 425
201 442
201 449
201 486
201 497
202 203
202 219
202 238
202 243
202 259
202 278
202 283
202 289
202 299
202 307
202 336
202 359
202 381
202 388
202 406
202 415
202 433
202 446
202 449
203 204
203 205
203 219
203 222
203 237
203 264
203 267
203 276
203 287
203 316
203 320
203 336
203 352
203 368
203 377
203 399
203 412
203 414
203 425
203 470
203 480
203 491
204 205
204 220
204 229
204 233
204 244
204 253
204 263
204 284
204 290
204 324
204 353
204 357
204 362
204 380
204 386
204 391
204 402
204 413
204 420
204 432
204 438
204 448
204 452
204 482
204 485
205 206
205 282
205 319
205 413
205 457
205 467
205 487
206 207
206 237
206 241
206 256
206 269
206 271
206 306
206 310
206 311
206 318
206 323
206 326
206 347
206 348
206 377
206 407
206 419
206 426
206 446
206 448
206 465
206 474
206 479
207 208
207 223
207 252
207 262
207 277
207 301
207 308
207 309
207 312
207 335
207 340
207 357
207 361
207 374
207 386
207 409
207 417
207 437
207 455
207 471
207 474
207 484
208 209
208 212
208 218
208 225
208 248
208 312
208 316
208 336
208 349
208 371
208 404
208 439
208 454
208 471
208 485
209 210
209 248
209 261
209 269
209 275
209 293
209 302
209 315
209 354
209 360
209 363
209 381
209 383
209 388
209 395
209 405
209 408
209 440
209 487
210 211
210 218
210 222
210 247
210 256
210 263
210 277
210 297
210 298
210 347
210 349
210 369
210 378
210 403
210 410
210 429
210 433
210 436
210 437
210 478
211 212
211 218
211 235
211 241
211 256
211 278
211 282
211 293
211 294
211 301
211 309
211 315
211 346
211 355
211 384
211 385
211 397
211 399
211 447
211 452
211 464
212 213
212 216
212 251
212 276
212 305
212 309
212 322
212 324
212 346
212 372
212 377
212 402
212 412
212 440
212 448
212 452
212 494
213 214
213 217
213 227
213 273
213 274
213 288
213 314
213 346
213 349
213 358
213 364
213 375
213 389
213 418
213 425
213 440
213 442
213 454
213 477
214 215
214 245
214 265
214 266
214 275
214 304
214 311
214 330
214 335
214 358
214 368
214 381
214 416
214 481
215 216
215 225
215 234
215 241
215 273
215 287
215 339
215 350
215 367
215 372
215 392
215 418
215 423
215 424
215 440
215 454
215 467
215 493
216 217
216 248
216 339
216 343
216 347
216 353
216 381
216 402
216 407
216 423
216 427
216 453
216 471
216 479
217 218
217 223
217 259
217 273
217 306
217 309
217 333
217 351
217 354
217 387
217 394
217 427
217 450
217 456
217 457
217 466
217 468
217 479
217 492
217 496
218 219
218 247
218 263
218 282
218 283
218 292
218 297
218 308
218 334
218 359
218 380
218 395
218 412
218 417
218 423
218 446
218 448
218 456
218 466
218 485
219 220
219 253
219 259
219 263
219 308
219 312
219 326
219 374
219 396
219 453
219 462
219 465
219 466
219 475
220 221
220 223
220 251
220 254
220 265
220 271
220 292
220 330
220 333
220 338
220 361
220 386
220 396
220 402
220 435
220 444
221 222
221 249
221 253
221 275
221 289
221 300
221 311
221 316
221 334
221 349
221 354
221 371
221 399
221 420
221 436
221 489
222 223
222 266
222 267
222 321
222 344
222 369
222 389
222 393
222 421
222 471
222 492
223 224
223 226
223 231
223 234
223 242
223 298
223 347
223 356
223 387
223 420
223 432
223 437
223 441
223 483
223 491
223 493
224 225
224 236
224 244
224 252
224 271
224 274
224 275
224 278
224 326
224 337
224 339
224 349
224 369
224 405
224 406
224 408
224 419
224 425
224 444
224 480
225 226
225 291
225 320
225 321
225 326
225 340
225 344
225 363
225 364
225 367
225 385
225 387
225 396
225 397
225 417
225 462
225 481
225 495
225 499
226 227
226 233
226 282
226 285
226 345
226 350
226 351
226 398
226 410
226 423
226 435
226 453
226 467
226 468
226 479
227 228
227 247
227 257
227 275
227 310
227 345
227 348
227 361
227 364
227 380
227 381
227 401
227 414
227 441
227 466
228 229
228 235
228 239
228 241
228 258
228 266
228 268
228 286
228 296
228 319
228 322
228 342
228 348
228 361
228 369
228 387
228 390
228 424
228 425
228 442
228 483
228 493
229 230
229 231
229 235
229 281
229 294
229 305
229 325
229 332
229 362
229 399
229 403
229 442
229 451
229 469
229 477
229 478
229 495
230 231
230 314
230 323
230 333
230 339
230 391
230 402
230 409
230 414
230 418
230 473
230 493
231 232
231 238
231 280
231 308
231 327
231 373
231 386
231 390
231 402
231 408
231 412
231 446
231 452
231 477
231 494
232 233
232 243
232 255
232 256
232 274
232 307
232 327
232 330
232 371
232 382
232 395
232 411
232 441
232 460
232 492
233 234
233 240
233 265
233 302
233 308
233 326
233 329
233 332
233 338
233 343
233 347
233 388
233 389
233 396
233 398
233 407
233 420
233 421
233 423
233 437
233 438
233 462
233 498
234 235
234 249
234 292
234 301
234 305
234 316
234 318
234 323
234 352
234 366
234 404
234 407
234 413
234 415
234 438
234 449
234 450
234 474
235 236
235 238
235 267
235 285
235 291
235 298
235 354
235 358
235 364
235 398
235 402
235 410
235 418
235 428
235 436
235 452
235 456
235 457
235 460
235 461
235 491
235 493
235 495
236 237
236 240
236 251
236 263
236 278
236 283
236 288
236 294
236 312
236 333
236 337
236 352
236 370
236 404
236 408
236 430
236 456
236 489
236 492
236 499
237 238
237 249
237 252
237 295
237 302
237 303
237 323
237 326
237 329
237 332
237 341
237 356
237 414
237 419
237 428
237 445
237 449
237 467
237 486
237 494
238 239
238 241
238 254
238 262
238 274
238 308
238 335
238 361
238 372
238 381
238 404
238 436
238 442
238 461
238 479
238 485
238 491
238 498
239 240
239 247
239 260
239 299
239 301
239 307
239 312
239 313
239 318
239 331
239 336
239 338
239 346
239 385
239 389
239 424
239 427
239 442
239 467
239 472
239 475
239 490
239 492
240 241
240 267
240 280
240 283
240 293
240 307
240 315
240 340
240 352
240 380
240 389
240 409
240 428
240 466
240 486
240 493
241 242
241 243
241 246
241 264
241 282
241 297
241 304
241 318
241 321
241 334
241 335
241 372
241 375
241 392
241 419
241 420
241 425
241 436
241 454
241 459
241 464
241 466
241 479
241 489
241 492
242 243
242 247
242 255
242 267
242 269
242 280
242 299
242 330
242 333
242 335
242 358
242 371
242 379
242 397
242 402
242 422
242 429
242 441
242 443
242 445
242 446
242 469
242 487
243 244
243 251
243 258
243 262
243 273
243 278
243 285
243 298
243 304
243 323
243 343
243 376
243 434
243 464
243 474
243 492
244 245
244 279
244 305
244 318
244 324
244 335
244 345
244 385
244 414
244 415
244 425
244 436
244 444
244 470
245 246
245 248
245 266
245 294
245 295
245 306
245 317
245 330
245 385
245 387
245 417
245 444
245 451
245 468
245 481
245 489
245 495
246 247
246 259
246 300
246 325
246 330
246 332
246 333
246 351
246 373
246 387
246 388
246 392
246 395
246 396
246 426
246 475
246 485
246 491
247 248
247 264
247 265
247 307
247 380
247 413
247 425
247 433
247 436
247 439
247 460
247 473
248 249
248 265
248 299
248 322
248 335
248 340
248 347
248 361
248 369
248 389
248 390
248 399
248 407
248 439
248 453
248 468
248 471
248 482
248 488
248 496
249 250
249 259
249 289
249 315
249 329
249 339
249 343
249 352
249 359
249 377
249 378
249 403
249 415
249 443
249 461
249 464
249 469
249 470
249 479
249 487
250 251
250 268
250 270
250 292
250 296
250 304
250 308
250 321
250 343
250 361
250 366
250 385
250 435
250 458
250 472
250 492
251 252
251 279
251 283
251 308
251 327
251 328
251 338
251 392
251 409
251 415
251 439
251 455
251 470
251 488
251 492
252 253
252 257
252 262
252 264
252 303
252 335
252 353
252 359
252 379
252 385
252 400
252 421
252 431
252 443
252 445
252 456
252 485
252 486
252 491
253 254
253 314
253 315
253 362
253 377
253 390
253 447
253 462
254 255
254 265
254 300
254 313
254 326
254 329
254 356
254 401
254 402
254 408
254 411
254 423
254 442
254 443
254 471
255 256
255 283
255 294
255 320
255 361
255 392
255 400
255 411
255 457
255 477
255 493
256 257
256 267
256 278
256 281
256 291
256 356
256 395
256 402
256 403
256 449
256 475
256 476
257 258
257 284
257 290
257 304
257 325
257 380
257 392
257 417
257 429
257 459
257 464
257 483
257 491
258 259
258 260
258 267
258 285
258 287
258 312
258 317
258 319
258 331
258 362
258 394
258 453
258 469
258 472
258 494
259 260
259 263
259 288
259 299
259 305
259 310
259 314
259 315
259 342
259 351
259 365
259 367
259 370
259 374
259 399
259 403
259 407
259 421
259 426
259 430
259 432
259 446
259 459
259 466
259 496
259 499
260 261
260 265
260 289
260 312
260 314
260 327
260 332
260 335
260 343
260 346
260 359
260 395
260 402
260 461
260 468
260 479
260 496
261 262
261 285
261 295
261 303
261 327
261 348
261 351
261 390
261 407
261 413
261 442
261 455
261 459
261 491
262 263
262 277
262 315
262 324
262 355
262 370
262 413
262 449
262 466
262 473
263 264
263 265
263 269
263 348
263 354
263 355
263 378
263 380
263 433
263 443
263 465
263 473
263 478
264 265
264 291
264 298
264 303
264 313
264 374
264 390
264 394
264 399
264 421
264 446
264 461
264 467
264 476
265 266
265 304
265 307
265 309
265 313
265 321
265 335
265 351
265 357
265 361
265 370
265 385
265 417
265 481
266 267
266 279
266 298
266 335
266 358
266 366
266 395
266 411
266 414
266 420
266 423
266 459
266 462
266 464
266 471
266 493
267 268
267 299
267 319
267 323
267 344
267 394
267 414
267 426
267 448
267 453
267 493
268 269
268 272
268 276
268 334
268 344
268 348
268 360
268 363
268 380
268 418
269 270
269 272
269 273
269 278
269 293
269 303
269 304
269 380
269 386
269 399
269 414
269 427
269 430
269 431
269 442
269 447
269 466
269 491
269 494
269 495
270 271
270 278
270 290
270 309
270 318
270 325
270 343
270 352
270 378
270 383
270 396
270 402
270 418
270 485
270 487
271 272
271 274
271 278
271 296
271 364
271 374
271 382
271 411
271 414
271 417
271 438
271 439
271 444
271 451
271 454
271 490
271 494
272 273
272 297
272 305
272 318
272 348
272 350
272 433
272 436
272 448
272 456
273 274
273 278
273 305
273 371
273 393
273 407
273 429
273 431
273 469
273 471
274 275
274 307
274 326
274 351
274 404
274 407
274 427
274 475
274 477
274 488
275 276
275 290
275 322
275 334
275 361
275 384
275 408
275 427
275 438
275 459
275 476
276 277
276 280
276 302
276 320
276 335
276 350
276 362
276 368
276 380
276 382
276 385
276 388
276 411
276 413
276 416
276 441
276 469
277 278
277 297
277 338
277 340
277 364
277 365
277 375
277 380
277 384
277 388
277 390
277 397
277 445
277 496
278 279
278 330
278 356
278 370
278 377
278 397
278 398
278 429
278 470
278 494
278 497
279 280
279 303
279 314
279 318
279 341
279 394
279 407
279 433
279 475
279 485
280 281
280 303
280 320
280 360
280 362
280 391
280 420
280 446
280 451
280 456
280 491
281 282
281 297
281 310
281 311
281 314
281 316
281 339
281 343
281 347
281 357
281 419
281 420
281 428
281 446
281 452
281 468
281 471
281 474
282 283
282 308
282 310
282 343
282 346
282 353
282 359
282 363
282 364
282 381
282 383
282 409
282 449
282 455
282 472
282 485
282 490
283 284
283 339
283 342
283 349
283 372
283 377
283 403
283 422
283 453
283 478
283 480
283 499
284 285
284 287
284 289
284 323
284 354
284 382
284 466
284 490
284 495
285 286
285 289
285 291
285 325
285 331
285 343
285 354
285 414
285 440
285 447
285 460
285 461
285 468
285 484
285 498
286 287
286 292
286 315
286 320
286 326
286 335
286 341
286 356
286 376
286 401
286 425
286 429
286 430
286 440
286 452
286 459
286 462
286 492
287 288
287 303
287 330
287 352
287 353
287 357
287 384
287 393
287 448
287 451
287 453
287 458
287 459
287 478
288 289
288 314
288 332
288 350
288 363
288 365
288 366
288 377
288 390
288 393
288 396
288 461
288 466
288 468
288 483
288 489
288 492
289 290
289 303
289 335
289 340
289 353
289 395
289 406
289 434
289 441
289 456
289 466
289 473
289 497
290 291
290 313
290 328
290 330
290 377
290 384
290 463
290 468
290 479
290 496
291 292
291 306
291 307
291 309
291 349
291 362
291 367
291 369
291 417
291 470
292 293
292 320
292 325
292 326
292 339
292 349
292 353
292 359
292 384
292 411
292 421
292 434
292 441
292 458
292 469
292 479
292 484
293 294
293 302
293 306
293 314
293 378
293 400
293 407
293 423
293 437
293 462
293 473
293 486
293 491
293 498
294 295
294 302
294 337
294 353
294 357
294 405
294 423
294 475
294 477
294 496
295 296
295 301
295 314
295 320
295 323
295 334
295 335
295 346
295 353
295 437
295 438
295 452
295 469
295 485
296 297
296 305
296 354
296 403
296 404
296 446
296 466
296 470
297 298
297 325
297 438
297 444
297 453
297 461
297 487
297 491
297 499
298 299
298 310
298 327
298 340
298 362
298 363
298 385
298 411
298 417
298 469
298 470
298 473
298 475
298 482
299 300
299 334
299 339
299 343
299 349
299 350
299 359
299 370
299 375
299 404
299 411
299 448
299 449
300 301
300 305
300 331
300 338
300 345
300 355
300 392
300 406
300 408
300 423
300 436
300 490
301 302
301 322
301 334
301 344
301 384
301 428
301 439
301 451
301 457
301 487
301 498
302 303
302 324
302 326
302 342
302 352
302 357
302 396
302 402
302 407
302 415
302 417
302 444
302 480
303 304
303 320
303 321
303 323
303 337
303 342
303 403
303 408
303 412
303 436
303 448
303 478
303 490
304 305
304 314
304 322
304 350
304 362
304 371
304 374
304 382
304 403
304 405
304 415
304 423
304 434
304 436
304 480
305 306
305 326
305 345
305 346
305 351
305 354
305 358
305 400
305 418
305 422
305 463
305 495
306 307
306 404
306 439
306 445
306 460
306 497
307 308
307 333
307 335
307 338
307 344
307 360
307 368
307 372
307 388
307 422
307 435
307 443
307 451
307 469
307 474
307 499
308 309
308 324
308 395
308 411
308 430
308 470
308 478
309 310
309 367
309 425
309 446
309 456
309 462
310 311
310 312
310 341
310 346
310 356
310 364
310 386
310 390
310 408
310 420
310 422
310 424
310 441
310 445
310 466
310 470
310 473
311 312
311 324
311 360
311 374
311 441
311 443
311 458
311 459
311 460
311 465
311 476
312 313
312 316
312 318
312 413
312 439
312 456
313 314
313 327
313 329
313 333
313 334
313 346
313 368
313 377
313 380
313 398
313 444
314 315
314 340
314 348
314 392
314 428
314 430
314 456
314 467
314 469
314 478
314 498
315 316
315 318
315 329
315 377
315 429
315 466
315 472
315 477
316 317
316 353
316 374
316 377
316 403
316 430
316 453
316 454
316 476
317 318
317 337
317 345
317 357
317 381
317 400
317 405
317 441
317 470
317 482
317 484
317 488
318 319
318 329
318 333
318 341
318 365
318 369
318 372
318 391
318 397
318 469
318 480
318 482
318 489
318 495
318 499
319 320
319 326
319 346
319 350
319 356
319 359
319 371
319 381
319 382
319 430
319 465
319 477
319 479
320 321
320 338
320 388
320 394
320 395
320 437
320 444
320 458
320 484
320 494
321 322
321 366
321 399
321 401
321 419
321 425
321 436
321 463
321 472
321 473
321 494
322 323
322 329
322 338
322 342
322 372
322 413
322 432
322 458
322 465
322 466
322 468
323 324
323 329
323 368
323 391
323 398
323 406
323 445
323 450
323 451
323 457
323 460
323 478
323 487
324 325
324 342
324 410
324 418
324 440
324 488
325 326
325 327
325 359
325 398
325 408
325 423
325 460
325 464
325 482
326 327
326 331
326 347
326 348
326 432
326 447
326 454
326 459
326 475
327 328
327 329
327 333
327 390
327 398
327 406
327 408
327 421
327 424
327 427
327 430
327 434
327 450
327 461
327 472
327 489
328 329
328 336
328 340
328 360
328 396
328 432
328 463
328 483
328 495
329 330
329 338
329 343
329 357
329 375
329 392
329 406
329 418
329 438
329 453
329 466
329 470
330 331
330 351
330 362
330 365
330 389
330 391
330 418
330 430
330 433
330 435
330 444
330 465
330 473
330 487
331 332
331 359
331 402
331 412
331 426
331 438
331 445
331 449
331 453
331 462
331 479
331 499
332 333
332 335
332 348
332 391
332 392
332 394
332 421
332 429
332 462
332 487
332 488
332 491
333 334
333 362
333 381
333 404
333 453
333 455
333 460
334 335
334 336
334 340
334 343
334 360
334 437
334 459
334 463
334 473
334 486
334 488
335 336
335 354
335 383
335 395
335 409
335 412
335 430
335 440
335 455
335 462
335 472
335 485
336 337
336 360
336 366
336 367
336 372
336 391
336 420
336 472
336 478
336 492
336 498
337 338
337 351
337 377
337 391
337 410
337 448
337 476
337 479
337 498
338 339
338 340
338 369
338 385
338 391
338 413
338 418
338 432
338 475
338 482
338 484
338 494
339 340
339 349
339 357
339 437
339 461
340 341
340 370
340 398
340 402
340 432
340 441
340 450
340 472
340 484
340 491
340 499
341 342
341 352
341 355
341 375
341 417
341 422
341 435
341 437
341 444
341 448
341 454
341 478
341 479
342 343
342 346
342 347
342 351
342 368
342 392
342 415
342 460
342 472
342 481
343 344
343 375
343 402
343 416
343 422
343 434
343 460
343 467
343 473
343 481
343 492
344 345
344 378
344 379
344 395
344 437
344 460
344 474
344 487
345 346
345 351
345 378
345 395
345 413
345 426
345 427
345 430
345 436
345 440
345 453
345 471
345 490
345 496
346 347
346 368
346 385
346 392
346 455
346 472
346 473
346 482
346 489
347 348
347 355
347 364
347 373
347 375
347 390
347 453
347 471
347 489
347 491
348 349
348 388
348 390
348 412
348 416
348 423
348 453
348 465
348 471
348 479
348 496
349 350
349 373
349 402
349 414
349 422
349 430
349 452
349 474
349 483
349 485
349 486
349 492
350 351
350 355
350 380
350 388
350 400
350 426
350 438
350 441
350 443
350 457
350 458
350 483
351 352
351 368
351 396
351 436
351 452
351 481
351 484
351 499
352 353
352 362
352 370
352 373
352 376
352 379
352 392
352 401
352 417
352 430
352 446
352 455
352 474
352 485
352 493
353 354
353 367
353 377
353 384
353 412
353 440
353 494
354 355
354 379
354 394
354 414
354 423
354 442
354 457
354 479
354 490
354 494
355 356
355 359
355 391
355 420
355 437
355 438
355 443
355 451
355 461
355 471
355 496
356 357
356 364
356 374
356 384
356 404
356 437
356 447
356 457
356 482
356 484
356 499
357 358
357 396
357 413
357 427
357 442
357 453
357 459
358 359
358 376
358 387
358 391
358 407
358 414
358 418
358 419
358 430
358 436
358 440
358 480
358 482
358 484
358 488
359 360
359 371
359 387
359 391
359 441
359 442
359 445
359 461
359 488
359 489
359 499
360 361
360 368
360 375
360 389
360 395
360 423
360 428
360 442
360 448
360 466
360 472
361 362
361 381
361 426
361 480
361 496
362 363
362 367
362 401
362 406
362 409
362 436
362 455
363 364
363 377
363 397
363 430
363 450
363 462
363 481
363 486
364 365
364 458
364 462
364 463
364 484
364 496
365 366
365 395
365 399
365 404
365 416
365 427
365 433
365 451
365 453
365 477
365 492
365 496
365 497
366 367
366 392
366 394
366 395
366 412
366 417
366 423
366 429
366 431
366 455
366 473
366 487
366 492
366 497
367 368
367 378
367 382
367 392
367 413
367 420
367 454
367 457
367 465
367 484
368 369
368 389
368 395
368 419
368 435
368 463
368 492
369 370
369 377
369 379
369 384
369 393
369 403
369 437
369 448
369 457
369 473
369 478
369 488
369 490
369 499
370 371
370 388
370 389
370 426
370 442
370 447
370 449
371 372
371 377
371 394
371 408
371 435
371 450
371 453
371 475
371 486
371 492
372 373
372 379
372 415
372 474
373 374
373 380
373 401
373 404
373 408
373 410
373 419
373 425
373 439
373 444
373 468
373 469
373 498
374 375
374 390
374 392
374 457
374 467
375 376
375 396
375 407
375 418
375 450
375 464
376 377
376 383
376 392
376 395
376 413
376 424
376 441
376 453
376 461
376 469
376 494
377 378
377 383
377 394
377 409
377 438
377 445
377 449
378 379
378 383
378 413
378 417
378 447
378 460
378 461
378 488
379 380
379 395
379 410
379 417
379 443
379 470
379 478
379 483
379 499
380 381
380 452
380 461
380 464
380 482
380 499
381 382
381 385
381 397
381 411
381 426
381 449
381 456
381 457
381 472
381 489
381 490
382 383
382 396
382 404
382 405
382 425
382 441
382 446
382 453
382 467
382 483
382 492
383 384
383 394
383 399
383 419
383 455
383 458
383 492
383 493
384 385
384 387
384 401
384 412
384 416
384 433
384 437
384 450
385 386
385 389
385 416
385 421
385 499
386 387
386 407
386 428
386 455
387 388
387 397
387 410
387 455
387 480
387 494
388 389
388 390
388 392
388 399
388 404
388 419
389 390
389 407
389 408
389 409
389 413
389 414
389 457
390 391
390 411
390 422
390 427
390 463
390 464
390 473
390 474
391 392
391 398
391 421
391 440
391 443
391 466
391 475
392 393
392 403
392 410
392 418
392 468
392 488
392 497
393 394
393 431
393 444
393 465
393 495
394 395
394 410
394 426
394 488
395 396
395 398
395 400
395 448
395 470
395 471
395 472
395 478
395 490
395 493
396 397
396 407
396 420
396 428
396 431
396 461
396 499
397 398
397 403
397 434
397 437
397 456
397 461
397 464
397 465
397 472
397 481
397 495
397 499
398 399
398 448
399 400
399 407
399 431
399 461
399 468
399 479
399 499
400 401
400 405
400 416
400 427
400 443
400 462
400 465
400 472
400 480
401 402
401 450
401 477
401 482
401 499
402 403
402 419
402 428
402 432
402 453
402 470
402 491
402 493
403 404
403 407
403 408
403 419
403 423
403 431
403 445
403 447
403 496
404 405
404 441
404 460
404 476
404 497
405 406
405 424
405 429
405 467
405 493
406 407
406 448
406 478
406 480
406 493
407 408
407 420
407 424
407 449
407 470
408 409
408 435
408 458
408 462
408 478
409 410
409 422
409 444
409 445
409 453
409 456
409 470
410 411
410 415
410 423
410 437
410 452
410 460
410 473
410 481
410 485
410 490
410 492
411 412
411 419
411 457
411 459
411 468
411 473
411 484
411 490
412 413
412 431
412 436
412 445
412 454
412 472
412 476
412 483
412 485
412 496
413 414
413 426
413 428
413 433
413 444
413 464
413 493
414 415
414 454
415 416
415 419
415 423
415 427
415 457
415 468
415 469
415 474
415 484
415 487
416 417
416 437
416 465
416 472
417 418
417 440
417 442
417 453
417 474
417 478
417 487
418 419
418 476
418 478
419 420
419 475
419 480
419 484
420 421
420 456
420 466
420 475
420 480
420 494
421 422
421 423
421 448
421 452
421 458
421 462
421 471
422 423
422 424
422 437
422 446
422 480
422 481
422 498
423 424
423 441
423 494
424 425
424 432
424 459
424 464
424 469
424 470
424 483
424 485
424 490
425 426
425 454
425 464
426 427
426 447
426 454
426 481
426 495
427 428
427 447
427 470
427 473
427 477
427 497
428 429
428 434
428 450
428 455
428 471
428 482
429 430
429 450
429 451
429 461
429 484
430 431
430 453
430 471
430 490
430 491
431 432
431 467
431 470
431 479
432 433
432 442
432 462
432 474
433 434
433 452
433 453
433 487
434 435
434 441
434 445
434 483
434 485
434 487
435 436
435 493
436 437
436 472
436 486
437 438
437 463
437 474
437 477
437 481
437 495
438 439
438 455
438 463
439 440
439 449
439 491
439 498
440 441
440 449
440 456
440 467
440 477
440 496
441 442
441 452
441 477
441 485
442 443
442 459
442 462
442 483
442 493
443 444
443 457
443 469
443 472
444 445
444 464
444 478
445 446
445 454
445 465
445 470
445 482
446 447
446 449
446 460
446 463
446 476
446 478
446 485
446 486
447 448
447 455
447 471
447 488
448 449
448 462
448 467
448 486
449 450
449 467
449 486
450 451
450 452
450 496
451 452
451 475
451 482
451 498
452 453
452 457
453 454
453 460
453 465
453 473
454 455
454 484
455 456
455 477
455 493
456 457
456 478
457 458
457 471
457 485
457 489
458 459
458 467
458 473
458 476
458 477
458 483
458 495
458 497
459 460
459 478
459 495
460 461
460 463
460 486
460 491
460 492
461 462
462 463
462 468
462 472
462 480
463 464
463 487
463 491
463 499
464 465
464 489
464 492
465 466
465 476
465 481
465 494
465 495
466 467
466 493
466 496
467 468
467 481
468 469
468 474
468 499
469 470
469 484
469 493
470 471
471 472
471 479
471 489
472 473
472 490
473 474
473 498
474 475
474 491
475 476
475 497
476 477
477 478
477 495
478 479
479 480
479 497
480 481
480 491
480 492
480 498
481 482
482 483
482 492
483 484
484 485
485 486
485 495
485 499
486 487
486 491
487 488
487 490
487 496
488 489
489 490
489 497
490 491
490 496
491 492
492 493
493 494
493 495
494 495
495 496
496 497
497 498
498 499
