494 5866
445 454
76 77
182 247
357 361
367 369
66 68
270 271
312 317
404 405
49 237
276 431
14 15
67 69
84 453
214 389
165 422
256 401
367 370
32 33
40 327
47 282
145 338
222 406
231 234
71 439
125 384
165 340
219 448
107 379
141 486
229 435
293 418
326 327
15 16
48 113
66 70
88 325
126 225
399 441
79 436
378 382
0 45
37 397
160 409
300 309
78 420
96 421
345 348
22 196
58 346
296 455
392 438
44 173
122 264
241 257
366 375
187 211
47 305
64 427
113 114
161 354
254 255
301 302
455 457
488 490
148 216
411 436
448 450
6 366
22 154
49 441
129 140
230 472
27 172
70 75
133 142
203 206
40 412
170 171
455 456
11 13
177 339
216 428
356 357
472 474
26 27
70 90
77 122
253 255
54 268
66 69
344 349
428 430
274 406
409 417
57 59
121 186
162 245
188 189
367 368
310 318
323 324
489 491
115 116
158 182
176 225
306 433
440 441
30 185
52 270
61 437
145 182
387 388
6 17
168 399
235 398
340 422
288 290
351 394
467 471
0 266
21 139
27 84
99 390
465 479
31 375
322 339
337 393
429 430
310 317
3 157
50 408
158 387
167 168
163 469
379 383
472 475
275 393
342 415
71 211
122 178
158 247
190 379
152 202
345 350
356 398
368 372
444 446
3 119
241 430
344 351
376 394
76 263
257 465
319 320
407 426
44 284
79 392
116 118
222 397
44 202
480 481
479 482
40 46
69 141
120 122
224 281
3 428
82 386
155 156
190 415
52 309
141 472
228 229
479 480
24 169
100 101
355 384
322 434
16 20
31 443
257 260
262 377
15 56
101 285
134 139
244 299
204 207
209 210
413 414
419 423
70 74
124 125
127 437
136 144
135 143
10 435
215 216
216 285
309 316
5 432
91 94
226 227
79 146
89 385
203 205
231 232
283 287
284 288
368 371
446 454
64 65
69 319
190 194
242 308
456 459
487 489
121 296
187 197
251 362
444 445
15 18
220 463
271 272
353 419
53 161
99 219
147 433
345 346
90 92
307 372
356 360
401 402
308 408
43 101
111 122
121 122
150 153
300 301
445 449
16 280
112 415
114 353
267 268
151 152
300 322
480 482
48 454
60 331
69 310
82 422
220 366
230 385
472 476
1 3
36 261
37 38
212 443
277 430
9 276
163 230
191 192
284 289
410 411
456 462
47 270
67 72
111 297
283 284
62 63
158 159
207 208
295 297
190 191
262 335
270 309
28 315
103 190
154 240
162 166
182 184
196 464
256 265
256 426
5 149
94 95
110 111
150 152
268 421
292 293
487 492
55 223
117 123
199 279
204 282
45 252
168 343
283 286
11 12
179 180
334 433
380 429
328 395
79 354
89 90
109 111
145 244
204 356
285 288
309 318
10 411
48 49
102 428
300 303
111 178
130 140
136 141
210 456
16 19
36 146
49 330
69 71
277 278
25 98
332 391
364 437
488 489
32 238
55 123
84 115
239 421
320 400
482 483
9 204
81 286
151 153
275 314
136 140
214 439
231 233
472 473
190 195
223 376
242 243
271 273
366 425
67 71
71 212
229 314
300 428
56 83
182 183
470 471
78 213
420 421
263 264
309 317
456 460
0 15
90 370
235 300
237 293
64 435
101 232
173 284
224 376
289 291
395 464
456 458
30 181
35 324
62 189
447 449
142 241
169 324
221 239
269 403
47 204
105 254
131 140
138 146
295 298
420 434
444 448
247 248
315 427
24 156
53 405
103 256
117 345
28 306
44 263
46 284
480 485
215 218
256 335
261 442
11 15
43 285
119 428
215 217
345 352
433 436
77 264
118 345
158 391
198 363
270 376
453 454
356 358
413 415
41 171
69 70
163 166
216 276
2 51
39 416
70 352
150 154
25 424
86 87
148 149
149 396
70 73
227 419
299 371
310 319
137 339
219 270
481 485
345 374
67 213
107 190
135 141
206 277
46 152
112 262
159 398
34 221
210 464
248 250
309 390
381 383
465 466
22 139
62 88
173 174
236 307
85 87
257 258
301 492
344 352
391 403
97 149
99 157
102 305
202 296
147 442
487 493
38 39
80 395
83 172
91 386
372 391
57 58
84 87
112 377
338 341
305 309
329 330
84 274
203 204
246 332
303 493
3 7
90 93
248 249
456 461
252 255
311 316
482 484
303 304
357 359
35 418
79 251
86 235
274 374
126 128
141 142
190 373
257 259
380 416
6 164
106 245
137 198
191 193
8 421
108 111
132 141
189 400
448 451
42 174
90 94
294 446
378 379
121 263
159 368
321 322
378 380
127 224
175 463
254 384
58 376
60 417
80 456
98 223
295 296
54 362
112 336
113 284
279 280
78 79
201 246
468 477
62 393
413 416
434 435
373 407
448 452
103 104
172 201
269 371
274 344
352 402
365 366
16 333
29 30
38 280
151 154
469 470
6 425
50 81
135 140
163 416
103 262
106 333
277 478
466 480
197 200
221 435
467 477
23 24
41 327
101 177
180 232
224 225
300 305
395 456
468 472
97 155
204 368
218 234
223 453
141 477
238 321
285 289
266 406
331 334
96 325
222 344
236 299
240 328
71 463
257 430
313 318
2 185
3 431
21 22
51 396
4 114
76 186
310 316
344 347
241 479
336 342
389 438
118 229
173 83
174 84
120 230
121 83
463 203
174 203
120 53
121 202
121 52
173 230
174 117
120 229
121 202
463 83
463 229
117 1
118 1
364 203
305 229
173 53
174 84
120 52
121 203
452 1
383 230
463 230
254 53
286 52
287 52
439 53
433 53
432 53
183 230
182 203
412 84
487 203
171 52
363 1
72 202
71 203
190 1
215 202
372 84
181 203
65 203
112 1
313 229
274 1
275 84
291 1
290 230
492 202
238 84
99 202
100 52
447 230
475 53
226 1
225 84
328 84
323 203
322 52
127 84
91 84
92 203
358 84
380 202
379 84
355 230
453 84
142 203
96 84
95 84
162 52
163 53
2 230
3 84
101 84
102 229
233 84
223 52
321 229
345 84
350 84
421 202
362 203
381 203
472 84
244 1
119 1
304 84
343 1
271 52
270 84
409 1
411 84
460 52
201 230
200 229
265 202
243 229
37 52
38 230
62 202
431 84
141 52
140 52
139 53
193 84
194 84
341 52
410 203
297 84
298 230
373 84
397 1
213 84
214 230
303 1
302 1
402 1
386 84
455 229
490 84
90 52
227 84
160 53
161 229
156 1
11 84
344 53
342 229
251 84
208 84
347 203
166 202
491 229
14 229
461 1
67 203
68 230
87 1
88 229
154 202
153 203
308 84
307 84
327 230
394 53
415 84
443 202
86 52
85 1
408 202
257 230
471 230
110 84
111 52
353 52
352 84
179 203
180 84
315 84
425 202
334 52
333 52
292 202
420 84
377 203
330 229
329 84
159 53
82 203
81 203
300 1
114 203
113 84
314 1
17 84
16 84
108 53
107 84
306 229
489 52
336 53
259 53
206 52
106 203
105 229
126 202
189 202
468 202
404 229
310 202
311 229
478 84
485 84
57 229
316 84
9 230
42 230
454 230
187 84
188 203
191 1
437 52
438 53
449 1
6 230
7 84
464 203
318 230
269 202
349 53
382 230
13 202
312 202
403 84
231 230
332 84
457 84
137 84
138 1
337 84
387 52
488 84
295 84
430 84
391 230
390 84
456 230
480 229
133 84
132 203
150 202
405 52
263 84
23 52
22 229
63 230
258 230
325 1
370 84
369 230
385 84
486 203
469 229
165 52
164 230
356 52
216 84
217 53
407 202
198 1
197 229
482 84
481 1
309 84
77 230
78 229
371 53
116 84
115 84
418 230
50 53
49 229
277 52
256 203
152 1
199 229
143 1
144 202
374 52
417 230
416 52
299 53
422 203
444 230
459 203
357 230
406 53
458 1
289 230
288 52
248 229
247 53
31 52
30 1
51 203
361 229
149 203
219 84
331 84
400 1
279 202
280 230
129 84
128 202
384 203
419 203
281 84
282 84
136 84
135 53
103 202
104 84
204 53
205 202
242 229
240 202
241 52
423 202
446 202
396 53
462 52
260 203
450 230
467 84
473 229
134 53
276 84
440 84
319 203
33 52
32 52
359 84
237 84
236 52
466 52
224 202
55 202
54 84
218 52
445 229
75 84
76 202
222 52
221 203
479 202
326 84
261 84
262 53
351 203
354 84
484 230
272 229
273 84
301 52
339 84
340 53
470 84
401 84
493 84
245 84
246 84
278 52
186 52
185 53
392 230
70 84
69 52
465 230
178 202
239 52
176 203
175 1
442 84
389 53
388 84
436 202
284 84
424 1
46 230
45 203
296 84
376 53
375 202
399 84
426 84
320 202
441 230
428 53
429 84
477 202
393 230
35 203
36 84
254 52
286 53
287 203
439 146
433 53
432 229
183 84
182 202
412 203
487 53
171 203
363 145
72 84
71 84
190 207
215 84
372 207
181 1
65 146
112 1
313 83
274 229
275 207
291 146
290 83
492 1
238 1
99 52
100 53
447 146
475 53
226 52
225 52
328 203
323 145
322 203
127 146
91 52
92 145
358 52
380 145
379 230
355 230
453 145
142 146
96 84
95 145
162 145
163 145
2 229
3 229
101 145
102 203
233 230
223 52
321 203
345 230
350 84
421 145
362 207
381 230
472 229
244 207
119 1
304 229
343 207
271 52
270 207
409 145
411 1
460 230
201 53
200 146
265 207
243 229
37 83
38 145
62 203
431 84
141 203
140 202
139 52
193 207
194 146
341 203
410 207
297 229
298 84
373 83
397 1
213 52
214 202
303 202
302 202
402 230
386 52
455 83
490 83
90 203
227 52
160 145
161 202
156 145
11 229
344 52
342 229
251 146
208 53
347 203
166 230
491 84
14 203
461 53
154 146
153 146
308 1
307 145
327 145
394 203
415 83
443 145
85 203
408 229
471 202
110 146
111 207
353 146
352 202
179 1
180 207
315 83
425 84
334 145
333 207
292 84
420 145
377 83
330 83
329 145
159 146
82 84
81 145
300 146
114 202
113 207
314 146
17 53
16 145
108 230
107 83
306 230
489 203
336 1
259 145
206 146
106 146
105 229
126 207
189 203
468 52
404 1
310 53
311 1
478 203
485 229
57 146
316 145
9 203
42 84
454 53
187 1
188 145
437 84
438 229
449 207
6 145
7 145
464 145
318 202
269 145
349 83
382 145
13 52
312 207
403 145
231 1
332 1
457 1
137 207
138 202
337 145
387 229
488 145
295 230
430 145
391 53
390 52
456 84
480 207
133 53
132 53
150 53
405 145
263 230
23 145
22 53
63 202
258 83
325 203
370 230
369 145
385 145
486 145
469 202
165 1
164 84
356 230
216 145
217 207
407 207
198 203
197 1
482 145
481 146
309 229
77 202
78 52
371 207
116 230
115 53
418 83
50 145
49 202
277 207
256 207
152 1
199 53
143 146
144 207
374 145
417 145
416 84
299 230
422 207
444 203
459 84
357 202
406 53
458 146
289 146
288 146
248 83
247 202
31 145
30 146
51 84
361 203
149 83
219 53
331 146
400 230
279 1
280 145
129 145
128 83
384 145
419 53
281 1
282 52
136 230
135 83
103 52
104 207
204 202
205 146
242 1
240 230
241 52
423 202
446 83
396 230
462 203
260 145
450 145
467 207
473 202
134 53
276 230
440 84
319 207
33 146
32 207
359 53
237 145
236 52
466 84
224 229
55 53
54 145
218 52
445 53
75 203
76 146
222 202
221 146
479 207
326 230
261 83
262 229
351 207
354 145
484 83
272 1
273 145
301 84
339 145
340 52
470 229
401 203
493 229
245 145
246 202
278 207
186 146
185 83
392 1
70 202
69 202
465 203
178 1
239 145
176 230
175 1
442 145
389 52
388 83
436 202
284 53
424 229
46 83
45 53
296 230
376 52
375 84
399 207
426 83
320 83
287 207
286 53
287 52
439 122
433 53
432 230
183 207
182 255
412 84
487 202
171 84
363 84
72 83
71 53
190 53
215 203
372 1
181 1
112 264
313 122
274 84
275 53
291 123
290 122
492 229
99 122
100 123
447 122
475 53
226 53
225 123
328 1
323 255
322 145
127 255
91 207
92 122
358 52
380 255
379 264
355 145
453 122
142 264
96 202
95 122
162 146
163 1
2 122
3 230
101 53
102 229
233 123
223 53
321 122
345 255
350 203
421 123
362 255
381 84
472 230
244 203
119 230
304 53
343 83
271 255
270 83
409 207
411 229
460 84
201 122
200 145
265 122
243 83
37 52
38 123
62 145
431 264
141 207
140 203
139 255
194 53
410 202
297 83
298 255
373 230
397 83
213 83
214 202
303 207
302 145
402 83
386 1
455 123
490 123
412 360
487 52
182 53
412 207
487 432
183 264
182 230
412 145
487 83
432 145
183 255
182 122
412 122
487 122
433 52
432 264
183 1
182 122
412 203
487 207
171 255
363 202
72 146
71 83
190 253
215 145
372 122
181 203
112 146
313 253
274 360
275 249
291 123
290 122
492 83
99 252
100 451
447 53
475 123
226 252
225 202
328 122
323 255
322 84
127 230
91 253
92 451
358 122
380 207
379 203
355 53
453 203
142 451
96 146
95 229
162 207
163 249
2 249
3 255
101 84
102 360
233 203
223 52
321 451
345 145
350 451
421 203
362 360
381 253
472 230
244 146
119 360
304 123
343 53
271 250
270 253
409 360
411 255
460 229
201 146
200 84
265 250
243 123
37 203
38 203
62 249
431 83
141 230
140 255
139 83
194 250
410 255
297 203
298 451
373 83
397 53
213 360
214 146
303 264
302 250
402 264
386 53
455 252
363 264
72 84
71 1
190 252
215 1
372 207
181 146
112 61
313 203
274 84
275 255
291 252
290 52
492 61
99 61
100 413
447 122
475 252
226 207
225 360
328 230
323 264
322 123
127 253
91 61
92 202
358 172
380 413
379 264
355 252
453 122
142 61
96 52
95 230
162 250
163 255
2 53
3 84
101 1
102 84
233 61
223 123
321 360
345 264
350 253
421 52
362 52
381 252
472 255
244 253
119 252
304 123
343 249
271 61
270 83
409 52
411 413
460 61
201 123
200 122
265 123
243 1
37 146
38 52
62 202
431 252
141 207
140 202
139 202
194 252
410 451
297 61
298 229
373 229
397 52
213 413
214 264
303 360
302 413
402 451
386 83
455 146
215 249
372 53
190 413
215 249
372 252
71 252
190 60
215 264
372 60
181 360
72 19
71 84
190 52
215 360
372 207
181 249
112 229
313 83
274 122
275 264
291 146
290 1
492 122
99 19
100 255
447 230
475 19
226 229
225 145
328 52
323 146
322 53
127 249
91 207
92 230
358 172
380 360
379 19
355 451
453 145
142 250
96 60
95 264
162 84
163 249
2 229
3 264
101 230
102 253
233 53
223 451
321 123
345 172
350 19
421 172
362 60
381 264
472 146
244 230
119 1
304 19
343 53
271 202
270 253
409 52
411 1
460 229
201 207
200 360
265 84
243 84
37 255
38 83
62 172
431 52
141 83
140 52
139 84
194 172
410 229
297 229
298 360
373 253
397 145
213 451
214 60
303 146
302 253
402 146
386 145
455 252
275 202
291 19
290 18
290 249
274 451
275 264
291 146
290 146
313 60
274 84
275 64
291 1
290 252
492 172
112 64
313 122
274 61
275 18
291 172
290 264
492 249
99 83
100 1
447 172
475 172
226 413
225 249
328 203
323 61
322 203
127 61
91 145
92 253
358 229
380 1
379 172
355 52
453 253
142 249
96 123
95 249
162 122
163 253
2 264
3 253
101 264
102 203
233 83
223 146
321 60
345 145
350 52
421 64
362 250
381 1
472 146
244 1
119 264
304 83
343 60
271 413
270 202
409 203
411 252
460 249
201 451
200 18
265 202
243 122
37 61
38 146
62 207
431 230
141 61
140 84
139 253
194 146
410 122
297 53
298 413
373 255
397 52
213 53
214 451
303 264
302 64
402 202
475 84
447 60
475 1
421 127
421 92
362 238
381 380
472 451
421 84
362 252
381 172
472 202
244 225
223 249
321 172
345 453
350 226
421 142
362 226
381 172
472 142
244 92
119 252
223 52
321 1
345 127
350 453
421 52
362 84
381 238
472 451
244 146
119 380
304 226
343 60
270 127
409 202
411 145
460 453
270 453
265 264
223 328
321 229
345 323
350 203
421 226
362 360
381 230
472 250
244 202
119 252
304 252
343 65
271 255
270 146
409 127
411 127
460 53
201 255
200 53
265 203
62 60
431 252
141 238
140 360
140 413
141 61
140 145
38 19
62 172
431 146
141 229
140 253
139 207
37 225
38 360
62 145
431 225
141 250
140 61
139 413
99 60
100 60
447 145
475 451
226 207
225 19
328 122
323 84
322 122
127 172
91 264
92 1
358 18
380 253
379 123
355 202
453 122
142 60
96 64
95 252
162 122
163 253
2 145
3 253
101 207
102 202
233 61
223 18
321 203
345 172
350 145
421 65
362 60
381 19
472 255
244 255
119 229
304 52
343 18
271 230
270 203
409 202
411 203
460 413
201 252
200 122
265 65
243 65
37 146
38 202
62 172
431 264
141 61
140 250
139 250
194 146
410 413
297 65
298 18
373 65
397 255
213 83
214 145
303 264
302 203
402 53
194 238
410 238
298 61
373 229
397 18
213 123
214 249
303 146
302 413
402 122
402 18
302 230
402 238
303 60
302 229
402 255
214 255
303 230
302 83
402 83
213 52
214 373
303 264
302 123
402 249
397 264
213 53
214 1
303 360
302 252
402 145
455 18
171 84
363 249
72 207
71 146
190 250
215 203
372 146
181 122
112 52
313 255
274 250
275 203
291 249
290 264
492 53
99 229
100 123
447 229
475 203
226 123
225 52
328 451
323 1
322 249
127 123
91 229
92 146
358 146
380 264
379 229
355 1
453 84
142 250
96 451
95 229
162 52
163 203
2 202
3 250
101 53
102 250
233 146
223 123
321 145
345 52
350 360
421 360
362 123
381 84
472 451
244 230
119 53
304 230
343 84
271 264
270 1
409 360
411 1
460 122
201 202
200 84
265 255
243 83
37 52
38 83
62 52
431 123
141 122
140 229
139 146
194 250
410 202
297 202
298 229
373 146
397 250
213 202
214 203
303 123
302 360
402 229
386 250
455 202
490 52
90 378
227 207
160 335
161 378
156 80
11 255
344 202
342 365
251 378
208 210
347 366
166 79
491 146
14 207
461 146
154 146
153 203
308 145
307 434
327 145
394 207
415 203
443 368
85 230
408 210
471 27
110 53
111 1
353 202
352 146
179 435
180 147
315 368
425 230
334 79
333 145
292 157
420 123
377 27
330 146
329 202
159 378
82 83
81 264
300 79
114 367
113 26
314 27
17 210
16 27
108 79
107 157
306 157
489 43
336 335
259 27
206 378
106 53
105 202
126 26
189 44
468 435
404 335
310 230
311 335
478 255
485 26
57 366
316 210
9 1
42 229
454 255
187 264
188 123
449 26
6 158
7 378
464 203
318 84
269 367
349 52
13 210
312 367
403 207
332 84
457 366
387 365
488 80
295 123
430 145
150 26
22 264
258 365
370 146
369 146
385 79
217 335
407 52
198 146
197 52
482 158
481 80
309 123
78 84
371 255
116 365
115 255
418 230
50 264
49 203
277 229
256 366
152 210
143 157
144 435
374 1
417 367
416 435
299 83
422 53
444 210
459 53
357 365
406 123
458 1
289 203
288 27
248 27
247 83
31 230
30 203
51 202
361 80
149 43
219 335
331 367
400 83
279 255
280 145
129 146
128 210
384 145
419 44
281 367
282 368
135 255
204 79
205 335
242 210
240 147
241 368
423 26
446 123
396 230
462 158
260 84
450 43
467 367
473 80
134 230
276 435
440 365
359 378
54 145
218 53
445 43
76 203
221 27
479 202
326 44
261 52
262 43
351 434
354 158
484 147
273 255
301 157
339 1
340 53
470 83
401 79
493 80
245 123
246 202
278 229
186 434
185 1
392 203
70 207
69 434
465 255
178 123
161 52
160 84
161 255
156 335
11 366
344 368
342 84
251 26
208 26
347 80
166 378
491 83
14 79
461 80
154 145
153 44
308 26
307 26
327 435
394 378
415 94
443 1
85 147
408 53
471 80
110 27
111 366
353 89
352 202
179 26
180 230
315 368
425 84
334 435
333 210
292 145
420 146
377 26
330 79
329 83
159 27
82 434
81 43
300 157
114 89
113 229
314 255
17 145
16 158
108 434
107 365
306 123
489 146
336 378
259 53
206 368
106 368
105 89
126 123
189 53
468 53
404 203
310 434
311 230
478 230
485 203
57 146
316 83
9 158
42 157
454 83
187 94
188 434
449 147
6 434
7 435
464 26
318 203
269 83
349 365
13 94
312 27
403 1
332 79
457 202
387 26
488 123
295 80
430 210
150 94
22 203
258 26
370 435
369 44
385 53
217 366
407 158
198 27
197 147
482 335
481 146
309 146
78 1
371 52
116 44
115 202
418 94
50 147
49 158
277 365
256 44
152 145
143 255
144 94
374 52
417 1
416 43
299 52
422 26
444 43
459 43
357 365
406 123
458 157
289 79
288 53
248 89
247 207
31 83
30 146
51 230
361 367
149 52
219 366
331 26
400 43
279 1
280 94
129 230
128 1
384 84
419 264
281 44
282 264
135 145
204 229
205 368
242 230
240 147
241 94
423 26
446 27
396 44
462 146
260 202
450 89
467 157
473 264
134 157
276 202
440 84
359 146
54 123
218 367
445 157
76 89
221 83
479 157
326 147
261 365
262 26
351 434
354 53
484 44
273 207
301 80
339 365
340 83
470 84
401 43
493 367
245 53
246 26
278 207
186 94
185 83
392 53
70 203
69 368
465 123
178 26
156 1
11 202
344 44
342 147
251 378
208 203
347 195
166 53
491 195
14 202
461 195
154 147
153 202
308 26
307 52
327 196
394 207
415 264
443 94
85 52
408 195
471 43
110 158
111 84
353 210
352 27
179 202
180 210
315 434
425 196
334 210
333 43
292 195
420 158
377 94
330 195
329 147
159 229
82 123
81 232
300 202
114 80
113 366
314 195
17 195
16 80
108 195
107 1
306 195
489 44
336 145
259 378
206 83
106 435
105 27
126 84
189 84
468 229
404 94
310 196
311 196
478 1
485 146
57 79
316 230
9 80
42 84
454 145
187 229
188 435
449 1
6 93
7 378
464 230
318 145
269 52
349 53
13 367
312 147
403 27
332 203
457 210
387 123
488 255
295 434
430 255
150 210
22 44
258 158
370 434
369 255
385 378
217 53
407 158
198 158
197 89
482 94
481 80
309 255
78 195
371 264
116 365
115 1
418 229
50 368
49 43
277 195
256 84
152 202
143 147
144 26
374 203
417 84
416 366
299 378
422 158
444 232
459 80
357 53
406 335
458 123
289 79
288 232
248 434
247 27
31 145
30 378
51 89
361 52
149 123
219 44
331 157
400 365
279 26
280 207
129 147
128 202
384 196
419 80
281 207
282 93
135 378
204 229
205 158
242 27
240 203
241 232
423 196
446 147
396 365
462 230
260 26
450 229
467 27
473 147
134 147
276 94
440 378
359 1
54 145
218 335
445 366
76 232
221 435
479 79
326 146
261 335
262 230
351 84
354 53
484 158
273 232
301 434
339 335
340 93
470 229
401 80
493 53
11 378
344 255
342 66
251 255
208 79
347 43
166 27
491 66
14 196
461 210
154 367
153 365
308 43
307 158
327 157
394 84
415 435
443 434
85 203
408 94
471 202
110 44
111 255
353 89
352 202
179 66
180 365
315 43
425 145
334 335
333 158
292 26
420 94
377 52
330 155
329 427
159 365
82 123
81 335
300 435
114 66
113 378
314 89
17 264
16 196
108 43
107 66
306 255
489 93
336 210
259 52
206 435
106 232
105 367
126 368
189 83
468 435
404 27
310 427
311 195
478 94
485 210
57 367
316 145
9 427
42 202
454 43
187 44
188 52
449 79
6 210
7 52
464 79
318 93
269 66
349 53
13 147
312 335
403 366
332 84
457 157
387 264
488 202
295 367
430 79
150 145
22 44
258 27
370 26
369 232
385 335
217 434
407 26
198 435
197 366
482 203
481 66
309 146
78 434
371 66
116 53
115 66
418 207
50 84
49 89
277 146
256 147
152 378
143 157
144 368
374 232
417 378
416 26
299 264
422 196
444 229
459 365
357 52
406 202
458 255
289 80
288 27
248 157
247 80
31 93
30 157
51 52
361 366
149 435
219 79
331 203
400 367
279 229
280 366
129 157
128 155
384 195
419 66
281 89
282 83
135 157
204 335
205 53
242 158
240 366
241 66
423 195
446 196
396 366
462 335
260 147
450 83
467 427
473 89
344 123
342 25
251 378
208 157
347 157
166 84
491 52
14 435
461 84
154 335
153 207
308 83
307 147
327 203
394 27
415 196
443 196
85 44
408 202
471 89
110 229
111 202
353 25
352 25
179 210
180 202
315 367
425 158
334 43
333 89
292 196
420 94
377 335
330 368
329 10
159 366
82 203
81 195
300 53
114 232
113 84
314 25
17 368
16 232
108 147
107 365
306 93
489 93
336 44
259 195
206 66
106 202
105 84
126 368
189 66
468 89
404 229
310 83
311 365
478 25
485 264
342 79
251 27
208 93
347 29
166 368
491 28
14 207
461 47
327 434
394 158
415 155
443 97
471 74
420 28
377 74
330 123
329 94
159 73
82 79
81 43
300 264
251 43
208 52
347 366
166 365
491 157
14 83
461 158
327 203
443 123
471 207
208 210
347 220
166 48
491 80
14 97
461 366
327 27
443 368
471 80
347 365
166 434
491 427
14 89
461 365
327 232
443 157
471 93
166 346
491 157
14 66
461 157
491 84
14 209
461 157
327 10
443 88
327 10
443 283
471 73
420 44
81 52
82 335
81 329
159 48
82 145
81 74
329 368
159 59
82 146
81 155
330 93
329 43
159 28
82 203
81 80
420 97
377 179
330 24
329 123
159 203
82 98
81 59
420 26
377 25
330 74
329 1
159 203
82 378
81 93
300 335
16 145
17 434
16 26
314 123
17 98
16 158
113 84
314 155
17 84
16 229
342 378
251 53
208 157
347 98
166 10
491 25
14 255
461 229
154 24
153 10
308 25
307 210
327 1
394 255
415 203
443 158
471 43
110 97
111 210
353 83
352 210
179 44
180 158
315 66
425 232
334 378
333 368
292 83
420 83
377 367
330 44
329 53
159 10
82 1
81 83
300 207
114 28
113 255
314 207
17 89
16 28
489 107
306 94
489 1
107 24
306 203
489 435
342 202
251 84
208 66
347 230
166 27
491 157
14 83
461 93
154 93
153 229
308 89
307 196
327 230
394 24
415 147
443 157
471 210
110 1
111 255
353 207
352 26
179 147
180 10
315 335
425 53
334 53
333 147
292 1
420 43
377 84
330 230
329 26
159 368
82 427
81 43
300 123
114 207
113 89
314 155
17 335
16 66
108 196
107 264
306 24
489 27
336 367
259 207
206 378
106 365
105 53
126 94
189 427
468 196
404 84
310 366
311 26
478 27
485 157
189 259
468 94
126 158
189 427
468 434
404 210
478 47
485 203
478 195
57 255
316 255
9 367
42 368
454 123
187 203
188 378
449 44
6 123
7 264
464 145
318 367
269 79
349 53
13 368
312 80
403 365
332 196
457 378
387 378
488 1
295 365
430 365
150 52
22 80
258 93
370 196
369 93
385 43
217 146
407 25
198 52
197 123
482 210
481 43
309 146
78 10
371 147
116 368
115 207
418 93
50 264
49 196
277 80
256 203
152 230
143 155
144 158
374 25
417 25
416 335
299 43
422 52
444 79
459 264
357 44
406 367
458 27
289 10
288 232
248 434
247 366
31 427
30 427
51 195
361 25
149 203
219 27
331 53
400 25
279 368
280 89
129 335
128 26
384 94
419 155
281 335
282 368
135 52
204 25
205 210
242 66
240 83
241 44
423 427
446 229
396 366
462 52
260 195
450 25
467 26
473 366
316 155
9 83
42 264
454 66
187 25
188 293
449 79
6 157
7 25
464 89
318 293
269 146
349 10
13 293
312 10
403 365
332 232
457 427
387 255
488 264
295 367
430 229
150 146
22 368
258 155
370 56
369 89
385 232
309 10
78 79
371 1
116 368
115 130
418 367
50 157
49 146
277 434
256 202
152 293
143 43
144 1
374 335
417 155
416 79
299 131
422 229
444 202
459 229
357 56
406 123
458 80
289 293
288 293
248 44
247 27
31 158
30 44
51 84
361 27
9 79
42 146
454 80
187 131
188 294
449 131
6 83
7 202
464 94
318 203
269 94
349 1
13 146
312 84
403 80
332 84
457 147
387 229
488 34
295 427
430 34
150 26
22 229
258 434
370 89
369 366
385 264
309 367
78 368
371 230
116 230
115 229
418 427
50 53
49 157
277 10
256 255
152 435
143 365
144 293
374 378
417 147
416 34
299 34
422 26
444 365
459 378
357 56
406 367
454 232
42 131
454 228
187 228
188 435
449 80
6 210
7 229
464 52
318 366
269 210
349 448
13 157
312 365
403 34
332 80
457 44
387 83
488 146
295 232
430 293
150 25
22 66
258 168
370 27
369 294
385 84
309 229
78 10
371 158
116 26
115 66
418 130
50 79
49 232
277 123
256 53
152 448
143 264
144 230
374 228
422 378
444 1
459 435
357 56
406 53
188 41
187 52
188 228
449 207
6 130
7 89
464 196
318 84
269 210
349 230
13 25
312 145
403 435
332 43
457 293
387 367
488 5
295 151
430 207
150 4
22 317
258 317
370 5
369 5
385 5
309 131
78 4
371 366
116 79
115 147
418 146
50 26
49 228
277 232
256 25
152 434
143 34
144 196
374 427
449 366
7 8
464 151
6 147
7 146
464 232
318 44
269 255
349 131
13 10
312 53
403 435
332 1
457 264
387 25
488 146
295 266
430 83
349 366
269 266
349 202
13 145
312 368
403 365
332 66
457 230
387 66
488 131
295 195
312 335
403 1
13 378
312 1
403 192
332 27
457 203
387 157
488 317
387 434
488 131
295 26
150 391
22 177
258 145
370 80
369 196
385 83
309 207
78 10
371 133
116 294
115 25
418 368
50 56
49 368
277 52
256 434
152 480
143 255
144 207
374 146
258 232
370 41
369 435
385 434
369 325
370 151
369 263
418 41
50 43
49 23
277 1
256 230
277 367
49 405
277 230
256 56
115 4
418 151
50 480
49 195
277 8
256 84
152 255
116 155
115 365
418 133
50 56
49 158
277 229
256 79
152 267
371 367
116 77
115 8
418 335
50 168
49 207
277 84
256 210
152 151
78 195
371 196
116 196
115 157
418 448
50 366
49 131
277 23
256 365
152 335
144 427
374 79
444 44
459 230
187 94
188 267
449 266
6 317
7 228
464 84
318 210
269 255
349 4
13 195
312 145
403 368
332 448
457 294
387 294
488 52
295 203
430 294
150 365
22 10
258 130
370 317
369 26
385 229
309 53
78 168
371 4
116 294
115 228
418 228
50 123
49 155
277 202
256 4
152 228
143 255
144 264
374 317
422 207
444 56
459 146
187 434
188 80
449 157
6 41
7 195
464 335
318 10
269 84
349 267
13 168
312 41
403 10
332 255
457 255
387 145
488 34
295 264
430 195
150 203
22 195
258 230
370 56
369 368
385 378
309 335
78 267
371 317
116 53
115 123
418 84
50 210
49 83
277 255
256 207
152 378
143 93
144 8
374 317
422 53
444 131
459 93
357 94
406 44
30 196
51 210
31 1
30 151
51 229
247 44
31 289
30 79
51 155
248 378
247 293
31 366
30 264
51 52
288 146
248 66
247 56
31 56
30 83
51 155
361 79
316 80
9 146
42 155
454 123
187 378
188 43
449 56
6 434
7 435
464 366
318 368
269 79
349 155
13 56
312 26
403 147
332 27
457 367
387 145
488 145
295 158
430 157
150 365
22 1
258 378
370 89
369 123
385 56
481 10
309 83
78 203
371 56
116 378
115 365
418 53
50 210
49 80
277 44
256 26
152 89
143 232
144 83
374 367
417 52
416 158
299 145
422 434
444 366
459 84
357 80
406 367
458 378
289 264
288 44
248 427
247 335
31 53
30 155
51 158
361 434
149 195
219 56
331 232
400 123
280 145
128 27
384 1
419 255
282 435
128 435
384 196
419 26
282 434
282 93
135 146
204 10
205 147
242 203
240 157
241 158
423 158
446 56
396 434
462 80
260 26
450 56
467 157
241 52
423 202
241 158
423 43
396 368
462 335
242 427
240 89
241 123
423 103
446 335
396 365
462 195
260 335
450 378
467 155
11 196
344 79
342 155
251 229
208 196
347 84
166 53
491 210
14 53
461 232
154 27
153 264
308 123
307 434
327 207
394 145
415 94
443 1
85 229
408 435
471 230
110 79
111 43
353 367
352 26
179 210
180 202
315 366
425 230
334 232
333 158
292 146
420 26
377 435
330 44
329 26
159 434
82 146
81 146
300 195
114 368
113 155
314 435
17 158
16 145
108 43
107 83
306 264
489 84
336 196
259 264
206 93
106 145
105 44
126 145
189 196
468 378
404 229
310 157
311 203
478 264
485 368
57 378
316 157
9 365
42 195
454 229
187 264
188 229
449 435
6 80
7 229
464 147
318 80
269 145
349 123
13 147
312 435
403 230
332 264
457 435
387 335
488 207
295 1
430 230
150 366
22 427
258 27
370 84
369 366
385 365
217 94
407 427
198 155
197 378
482 1
481 210
309 84
78 230
371 210
116 52
115 52
418 207
50 27
49 123
277 427
256 229
152 145
143 155
144 27
374 230
417 378
416 79
299 52
422 366
444 435
459 196
357 195
406 435
458 378
289 203
288 145
248 365
247 44
31 79
30 44
51 210
361 84
149 434
219 210
331 27
400 203
279 196
280 93
129 89
128 84
384 335
419 264
281 207
282 367
135 44
204 196
205 195
242 264
240 203
241 155
423 427
446 335
396 232
462 52
260 202
450 147
467 79
473 147
134 203
276 203
440 1
359 26
54 52
218 319
445 158
76 366
221 52
479 378
326 229
261 33
262 123
351 1
354 146
484 319
273 146
301 79
339 93
340 94
470 434
401 80
445 435
218 366
445 80
76 83
76 202
484 89
273 123
54 466
218 378
445 335
76 155
262 80
484 435
273 146
301 434
339 158
340 434
470 147
401 434
340 84
470 93
246 157
278 435
186 255
185 146
392 145
70 435
69 365
465 1
178 378
185 368
392 368
186 44
185 26
392 255
465 147
69 245
465 366
178 210
156 94
11 202
344 123
342 367
251 84
208 43
347 434
166 157
491 264
14 435
461 145
154 434
153 203
308 145
307 27
327 44
394 202
415 368
443 146
85 365
408 203
471 94
110 366
111 229
353 367
352 366
179 147
180 80
315 27
425 210
334 93
333 123
292 53
420 210
377 378
330 378
329 26
159 146
82 26
81 158
300 264
114 53
113 202
314 44
17 1
16 80
108 157
107 157
306 157
489 147
336 80
259 83
206 210
106 94
105 43
126 93
189 367
468 94
404 94
310 1
311 89
478 89
485 264
57 43
316 79
9 255
42 434
454 378
187 89
188 146
449 255
6 43
7 27
464 202
318 435
269 52
349 378
13 146
312 435
403 264
332 378
457 43
387 145
488 93
295 43
430 366
150 89
22 367
258 229
370 378
369 146
385 335
217 26
407 264
198 147
197 52
482 146
481 146
309 255
78 264
371 230
116 146
115 53
418 435
50 335
49 157
277 145
256 123
152 89
143 83
144 89
374 255
417 255
416 367
299 26
422 79
444 157
459 94
357 210
406 435
458 94
289 43
288 83
248 53
247 27
31 202
30 94
51 366
361 229
149 93
219 368
331 366
400 378
279 89
280 146
129 435
128 27
384 158
419 147
281 93
282 157
135 26
204 368
205 79
242 255
240 255
241 44
423 93
446 89
396 89
462 83
260 84
450 53
467 94
473 203
134 123
276 84
440 52
359 1
54 147
218 158
445 52
76 79
221 255
479 43
326 335
261 264
262 434
351 43
354 435
484 202
273 80
301 27
339 93
340 158
470 44
401 123
493 83
245 368
246 207
278 365
186 83
185 229
392 230
70 53
69 79
465 52
178 158
436 203
388 378
436 43
90 27
227 202
160 123
161 230
156 158
11 53
344 378
342 80
251 158
208 44
347 435
166 123
491 207
14 264
461 147
154 80
153 84
308 27
307 84
327 203
394 80
415 43
443 230
85 44
408 44
471 43
110 335
111 210
353 202
352 207
179 123
180 435
315 264
425 84
334 79
333 43
292 53
420 158
377 210
330 255
329 27
159 80
82 79
81 146
300 123
114 44
113 79
314 26
17 26
16 27
108 264
107 52
306 378
489 203
336 84
259 123
206 229
106 434
105 255
126 44
189 264
468 27
404 230
310 229
311 207
478 230
485 146
57 202
316 1
9 146
42 255
454 1
187 435
188 335
449 207
6 230
7 157
464 335
318 84
269 1
349 255
13 147
312 255
403 435
332 157
457 80
387 80
488 27
295 264
430 203
150 123
22 145
258 378
370 207
369 80
385 53
217 158
407 83
198 27
197 335
482 203
481 435
309 158
78 335
371 52
116 264
115 1
418 80
50 145
49 207
277 44
256 210
152 435
143 27
144 79
374 157
417 147
416 157
299 26
422 27
444 84
459 80
357 26
406 52
458 203
289 146
288 202
248 1
247 83
31 123
30 53
51 123
361 52
149 157
219 53
331 84
400 44
279 157
280 84
129 157
128 1
384 207
419 27
281 83
282 335
135 1
204 80
205 335
242 84
240 378
241 434
423 26
446 255
396 146
462 230
260 435
450 84
467 230
473 83
134 27
276 27
440 43
359 230
54 123
218 158
445 26
76 52
221 203
479 202
326 80
261 202
262 44
351 80
354 264
484 26
273 1
301 27
339 145
340 53
470 210
401 27
493 84
245 80
246 207
278 52
186 203
185 229
392 157
70 44
69 84
465 210
178 27
389 26
388 158
436 53
375 296
376 145
375 202
376 123
375 1
399 53
376 255
375 83
399 52
426 203
429 203
428 83
429 146
254 52
286 202
287 230
439 53
433 202
432 83
183 84
182 207
412 84
487 207
171 207
363 203
72 52
71 84
190 203
215 52
372 207
181 1
65 203
112 202
313 203
274 52
275 230
291 207
290 53
492 203
238 207
99 203
100 229
447 229
475 207
226 207
225 1
328 1
323 52
322 203
127 230
91 84
92 230
358 84
380 229
379 202
355 229
453 1
142 83
96 83
95 207
162 83
163 53
2 207
3 203
101 229
102 230
233 229
223 207
321 1
345 52
350 83
421 229
362 202
381 203
472 203
244 207
119 1
304 203
343 230
271 84
270 229
409 1
411 207
460 83
201 1
200 202
265 207
243 1
37 229
38 1
62 52
431 53
141 230
140 203
139 207
193 229
194 230
341 53
410 53
297 229
298 53
373 84
397 1
213 230
214 83
303 53
302 202
402 203
386 84
455 202
490 203
90 52
227 229
160 202
161 83
156 1
11 52
344 230
342 203
251 53
208 84
347 1
166 202
491 207
14 207
461 83
154 1
153 203
308 83
307 1
327 229
394 83
415 230
443 229
85 52
408 229
471 202
110 1
111 1
353 84
352 52
179 202
180 207
315 202
425 202
334 203
333 202
292 83
420 84
377 229
330 52
329 207
159 230
82 230
81 229
300 229
114 83
113 229
314 203
17 229
16 1
108 207
107 203
306 207
489 53
336 1
259 207
206 203
106 52
105 230
126 83
189 229
468 203
404 84
310 230
311 202
478 52
485 203
57 229
316 1
9 207
42 202
454 1
187 202
188 207
437 202
438 229
449 83
6 1
7 52
464 84
318 202
269 229
349 229
382 202
13 229
312 1
403 84
231 202
332 84
457 202
137 202
138 84
337 203
387 229
488 52
295 84
430 84
391 207
390 83
456 53
480 207
133 84
132 83
150 207
405 83
263 229
23 207
22 84
63 1
258 207
325 229
370 53
369 203
385 230
486 230
469 84
165 203
164 1
356 207
216 202
217 52
407 84
198 83
197 83
482 53
481 207
309 1
77 83
78 203
371 207
116 52
115 84
418 83
50 84
49 207
277 207
256 84
152 207
199 52
143 202
144 207
374 202
417 203
416 230
299 207
422 207
444 202
459 83
357 53
406 84
458 53
289 202
288 1
248 84
247 230
31 52
30 53
51 52
361 207
149 52
219 83
331 52
400 229
279 203
280 203
129 207
128 207
384 229
419 84
281 202
282 203
136 52
135 202
103 1
104 230
204 52
205 202
242 202
240 84
241 229
423 207
446 84
396 83
462 83
260 207
450 203
467 229
473 229
134 207
276 207
440 230
319 203
33 229
32 1
359 230
237 207
236 83
466 202
224 53
55 207
54 83
218 53
445 229
75 1
76 229
222 53
221 1
479 1
326 202
261 52
262 229
351 52
354 230
484 202
272 207
273 230
301 202
339 207
340 84
470 53
401 1
493 207
245 230
246 84
278 203
186 207
185 52
392 83
70 229
69 202
465 53
178 84
239 207
176 207
175 202
442 53
389 230
388 230
436 229
284 203
424 1
46 207
45 207
296 52
376 207
375 207
399 230
426 202
320 203
441 83
428 52
429 52
36 393
35 83
36 52
393 83
35 1
36 202
254 1
286 230
287 1
439 202
433 83
432 1
183 53
182 203
412 83
487 84
171 53
363 230
72 84
71 53
190 83
215 83
372 230
181 53
65 1
112 52
313 84
274 53
275 84
291 52
290 52
492 83
238 229
99 229
100 53
447 202
475 229
226 203
225 203
328 229
323 230
322 84
127 230
91 1
92 53
358 1
380 230
379 229
355 83
453 52
142 202
96 202
95 52
162 83
163 52
2 230
3 83
101 229
102 1
233 84
223 203
321 203
345 83
350 84
421 53
362 229
381 83
472 202
244 1
119 83
304 203
343 84
271 230
270 229
409 202
411 1
460 203
201 230
200 1
265 202
243 53
37 1
38 1
62 230
431 203
141 202
140 1
139 230
193 230
194 1
341 1
410 84
297 230
298 230
373 83
397 83
213 83
214 203
303 52
302 84
402 84
386 83
455 202
490 1
90 1
227 53
160 83
161 83
156 84
11 202
344 230
342 53
251 1
208 203
347 229
166 83
491 83
14 84
461 84
67 83
68 83
87 84
88 52
154 53
153 53
308 1
307 1
327 52
394 1
415 230
443 203
86 203
85 83
408 83
257 230
471 83
110 203
111 52
353 52
352 230
179 53
180 83
315 229
425 203
334 1
333 230
292 230
420 53
377 84
330 1
329 229
159 84
82 230
81 229
300 84
114 230
113 52
314 83
17 203
16 202
108 203
107 84
306 52
489 1
336 52
259 83
206 230
106 203
105 83
126 229
189 202
468 1
404 83
310 202
311 203
478 203
485 1
57 202
316 230
9 1
42 84
454 202
187 229
188 229
437 52
438 1
449 53
6 83
7 83
464 230
318 52
269 229
349 53
382 229
13 229
312 1
403 84
231 83
332 84
457 52
137 52
138 83
337 83
387 202
488 53
295 84
430 53
391 229
390 202
456 230
480 84
133 84
132 83
150 52
405 202
263 203
23 229
22 202
63 229
258 83
325 230
370 52
369 203
385 229
486 230
469 203
165 84
164 52
356 83
216 83
217 53
407 202
198 230
197 230
482 83
481 52
309 53
77 1
78 84
371 230
116 229
115 84
418 52
50 230
49 202
277 1
256 230
152 230
199 84
143 203
144 230
374 53
417 203
416 52
299 83
422 83
444 83
459 202
357 84
406 84
458 229
289 83
288 53
248 1
247 230
31 53
30 203
51 1
361 83
149 229
219 52
331 84
400 83
279 230
280 203
129 202
128 230
384 53
419 83
281 229
282 1
136 84
135 230
103 84
104 230
204 203
205 1
242 230
240 1
241 83
423 202
446 202
396 203
462 83
260 53
450 83
467 53
473 52
134 83
276 229
440 229
319 83
33 83
32 52
359 230
237 83
236 230
466 53
224 53
55 83
54 52
218 84
445 229
75 84
76 230
222 83
221 83
479 53
326 202
261 230
262 203
351 83
354 1
484 203
272 83
273 1
301 229
339 203
340 84
470 203
401 230
493 1
245 84
246 83
278 1
186 1
185 52
392 53
70 229
69 53
465 52
178 203
239 52
176 230
175 202
442 229
389 203
388 84
436 52
284 83
424 1
46 1
45 52
296 53
376 229
375 230
399 83
426 53
320 203
441 52
428 83
429 203
477 203
393 83
35 202
36 83
117 1
118 230
364 230
305 229
173 230
174 229
120 1
121 1
452 229
383 229
463 229
254 229
286 1
287 229
439 230
433 229
432 230
183 1
182 229
412 229
487 229
171 229
363 230
72 229
71 1
190 230
215 229
372 229
181 1
65 229
112 229
313 230
274 230
275 229
291 229
290 229
492 229
238 229
99 229
100 229
447 229
475 229
226 230
225 230
328 229
323 229
322 230
127 229
91 229
92 230
358 230
380 229
379 1
355 1
453 1
142 229
96 229
95 229
162 229
163 1
2 229
3 1
101 229
102 229
233 229
223 229
321 230
345 229
350 1
421 230
362 229
381 229
472 229
244 1
119 229
304 229
343 1
271 229
270 229
409 229
411 1
460 230
201 229
200 1
265 229
243 229
37 229
38 230
62 229
431 1
141 1
140 230
139 229
193 229
194 1
341 229
410 230
297 1
298 1
373 230
397 229
213 1
214 230
303 229
302 1
402 1
386 230
455 1
490 1
366 230
365 230
368 229
367 229
89 230
90 1
227 229
94 1
93 230
160 230
161 229
232 229
196 229
195 230
155 229
156 1
427 230
66 1
10 229
11 230
25 229
24 230
344 229
47 229
48 230
28 229
29 230
98 229
97 1
73 1
74 229
124 229
342 1
283 230
59 229
58 1
251 229
398 229
220 1
209 1
208 229
346 1
347 229
167 229
166 230
395 229
235 230
234 229
169 230
170 1
491 1
15 1
14 229
285 1
461 230
67 229
68 1
87 230
88 229
154 229
153 1
308 229
307 230
327 1
394 230
415 229
443 230
86 229
85 229
408 229
257 1
471 230
110 229
111 1
353 1
352 230
179 230
180 229
315 1
425 229
334 1
333 1
292 229
420 229
377 230
330 229
329 230
159 229
82 230
81 229
300 1
114 1
113 229
314 1
17 229
16 230
108 230
107 1
306 229
489 1
336 230
259 230
206 1
106 1
105 230
126 1
189 229
468 229
404 1
310 229
311 229
478 1
485 229
56 1
57 230
131 230
130 229
294 230
293 229
151 1
316 229
34 230
8 1
9 229
168 229
228 229
317 229
448 229
267 229
266 230
41 229
42 1
454 230
4 229
5 230
177 229
187 230
188 1
348 1
192 229
191 1
437 229
438 230
449 229
148 229
6 229
7 229
464 1
318 230
268 229
269 229
349 229
40 229
39 229
109 230
382 229
12 230
13 229
312 229
403 1
184 229
338 1
20 1
21 230
211 1
212 230
231 230
332 1
457 1
137 229
138 230
337 1
387 229
488 229
295 229
430 229
391 230
390 229
456 1
480 229
133 229
132 230
150 229
405 229
263 229
23 229
22 229
63 230
258 1
325 229
370 230
369 1
385 229
486 230
469 229
165 230
164 229
356 229
216 1
217 230
407 229
198 230
197 229
482 1
481 1
309 230
77 229
78 1
371 229
116 230
115 1
418 229
50 229
49 229
277 229
256 229
152 1
199 229
143 230
144 229
374 229
417 229
416 230
299 229
422 229
444 229
459 229
357 1
406 229
458 230
289 229
288 1
248 229
247 1
31 229
30 230
51 1
361 1
149 1
219 229
331 1
400 1
279 1
280 229
129 229
128 229
384 229
419 230
281 1
282 229
136 229
135 229
103 229
104 229
204 229
205 229
242 229
240 229
241 229
423 1
446 230
396 229
462 229
260 230
450 229
467 229
473 229
134 229
276 1
440 1
319 230
33 229
32 230
359 229
237 229
236 229
466 1
224 230
55 1
54 1
218 229
445 229
75 230
76 229
222 229
221 230
479 229
326 230
261 230
262 229
351 1
354 229
484 229
272 1
273 229
301 229
339 229
340 230
470 229
401 1
493 1
245 229
246 229
278 230
186 1
185 1
392 1
70 229
69 229
465 229
178 1
239 229
176 229
175 230
442 229
389 1
388 1
436 230
284 229
424 229
46 229
45 229
296 1
376 230
375 1
399 1
426 229
320 229
441 229
428 229
429 1
477 229
393 1
35 230
36 229
125 1
474 1
483 229
117 1
118 1
364 1
305 1
173 1
174 1
120 1
121 1
452 1
383 1
463 1
254 1
286 1
287 1
439 1
433 1
432 1
183 1
182 1
412 1
487 1
171 1
363 1
72 1
71 1
190 1
215 1
372 1
181 1
65 1
112 1
313 1
274 1
275 1
291 1
290 1
492 1
238 1
99 1
100 1
447 1
475 1
226 1
225 1
328 1
323 1
322 1
127 1
91 1
92 1
358 1
380 1
379 1
355 1
453 1
142 1
96 1
95 1
162 1
163 1
2 1
3 1
101 1
102 1
233 1
223 1
321 1
345 1
350 1
421 1
362 1
381 1
472 1
244 1
119 1
304 1
343 1
271 1
270 1
409 1
411 1
460 1
201 1
200 1
265 1
243 1
37 1
38 1
62 1
431 1
141 1
140 1
139 1
193 1
194 1
341 1
410 1
297 1
298 1
373 1
397 1
213 1
214 1
303 1
302 1
402 1
386 1
455 1
490 1
366 1
365 1
368 1
367 1
89 1
90 1
227 1
94 1
93 1
160 1
161 1
232 1
196 1
195 1
155 1
156 1
427 1
66 1
10 1
11 1
25 1
24 1
344 1
47 1
48 1
28 1
29 1
98 1
97 1
73 1
74 1
124 1
342 1
283 1
59 1
58 1
251 1
398 1
220 1
209 1
208 1
346 1
347 1
167 1
166 1
395 1
235 1
234 1
169 1
170 1
491 1
15 1
14 1
285 1
461 1
67 1
68 1
87 1
88 1
154 1
153 1
308 1
307 1
327 1
394 1
415 1
443 1
86 1
85 1
408 1
257 1
471 1
110 1
111 1
353 1
352 1
179 1
180 1
315 1
425 1
334 1
333 1
292 1
420 1
377 1
330 1
329 1
159 1
82 1
81 1
300 1
114 1
113 1
314 1
17 1
16 1
108 1
107 1
306 1
489 1
336 1
259 1
206 1
106 1
105 1
126 1
189 1
468 1
404 1
310 1
311 1
478 1
485 1
56 1
57 1
131 1
130 1
294 1
293 1
151 1
316 1
34 1
8 1
9 1
168 1
228 1
317 1
448 1
267 1
266 1
41 1
42 1
454 1
4 1
5 1
177 1
187 1
188 1
348 1
192 1
191 1
437 1
438 1
449 1
148 1
6 1
7 1
464 1
318 1
268 1
269 1
349 1
40 1
39 1
109 1
382 1
12 1
13 1
312 1
403 1
184 1
338 1
20 1
21 1
211 1
212 1
231 1
332 1
457 1
137 1
138 1
337 1
387 1
488 1
295 1
430 1
391 1
390 1
456 1
480 1
133 1
132 1
150 1
405 1
263 1
23 1
22 1
63 1
258 1
325 1
370 1
369 1
385 1
486 1
469 1
165 1
164 1
356 1
216 1
217 1
407 1
198 1
197 1
482 1
481 1
309 1
77 1
78 1
371 1
116 1
115 1
418 1
50 1
49 1
277 1
256 1
152 1
199 1
143 1
144 1
374 1
417 1
416 1
299 1
422 1
444 1
459 1
357 1
406 1
458 1
289 1
288 1
248 1
247 1
31 1
30 1
51 1
361 1
149 1
219 1
331 1
400 1
279 1
280 1
129 1
128 1
384 1
419 1
281 1
282 1
136 1
135 1
103 1
104 1
204 1
205 1
242 1
240 1
241 1
423 1
446 1
396 1
462 1
260 1
450 1
467 1
473 1
134 1
276 1
440 1
319 1
33 1
32 1
359 1
237 1
236 1
466 1
224 1
55 1
54 1
218 1
445 1
75 1
76 1
222 1
221 1
479 1
326 1
261 1
262 1
351 1
354 1
484 1
272 1
273 1
301 1
339 1
340 1
470 1
401 1
493 1
245 1
246 1
278 1
186 1
185 1
392 1
70 1
69 1
465 1
178 1
239 1
176 1
175 1
442 1
389 1
388 1
436 1
284 1
424 1
46 1
45 1
296 1
376 1
375 1
399 1
426 1
320 1
441 1
428 1
429 1
477 1
393 1
35 1
36 1
125 1
474 1
483 1
476 1
414 0
