685 4096
24 26
275 283
396 409
416 418
84 145
94 116
245 675
275 280
563 569
589 616
602 623
451 533
467 475
224 264
353 374
568 612
1 6
69 92
74 126
81 95
277 286
316 356
584 618
171 192
398 400
489 528
246 254
357 359
414 416
485 511
588 589
78 116
82 148
170 192
225 227
240 252
549 635
495 519
77 84
81 100
103 150
110 115
197 199
224 228
244 675
22 124
420 421
549 554
58 60
238 260
413 414
484 544
495 508
561 602
571 592
13 159
84 105
168 215
229 235
245 679
282 289
569 662
10 185
94 150
121 138
300 311
2 8
219 669
489 526
187 190
409 416
510 516
637 663
59 210
295 311
394 410
460 476
86 147
238 239
340 427
455 483
584 645
107 122
179 183
332 423
477 576
552 582
70 95
116 131
220 234
236 237
246 247
287 292
316 342
588 591
118 140
195 196
269 276
284 296
485 486
519 526
559 599
593 595
42 45
114 123
331 346
448 501
17 18
133 139
285 294
377 389
446 447
460 464
560 578
643 661
677 678
166 193
320 426
335 336
402 403
482 484
496 499
555 634
356 359
284 285
468 473
101 135
168 169
285 296
585 586
340 359
23 50
48 49
94 158
178 207
218 671
311 312
316 317
392 430
487 498
344 353
52 53
119 149
392 402
472 482
15 161
79 81
193 195
460 541
82 102
216 217
374 376
450 459
551 629
590 628
57 58
111 135
240 242
318 359
360 362
418 421
551 552
30 34
289 308
376 380
553 577
330 423
358 362
244 676
403 410
426 441
485 500
585 660
593 601
26 42
39 40
72 88
280 294
318 362
562 647
341 346
385 387
83 85
86 109
104 131
288 294
468 666
526 528
544 547
69 170
162 202
376 446
26 181
251 255
339 426
624 629
137 139
354 366
363 364
397 410
415 416
553 657
375 377
129 154
219 670
246 258
272 273
277 296
325 444
374 397
386 392
394 397
480 525
509 514
623 624
78 150
414 424
599 646
615 636
16 17
24 162
563 612
15 177
116 117
319 321
349 350
388 389
580 581
75 100
167 177
335 343
390 393
413 416
564 623
42 188
98 101
336 344
366 368
535 536
552 649
580 618
147 148
168 170
259 267
303 307
392 403
273 277
604 650
27 188
277 278
334 423
417 421
485 499
488 502
555 626
43 46
269 296
464 476
41 172
80 82
228 264
550 652
559 576
562 563
564 642
582 605
18 54
76 131
90 143
242 679
280 282
376 384
558 600
598 603
606 654
74 106
206 215
359 440
491 539
168 171
261 676
508 528
99 146
459 517
521 530
553 616
272 277
284 295
294 295
399 400
614 615
67 87
278 289
463 472
0 3
2 5
110 112
115 137
242 245
364 398
479 666
74 122
83 147
115 139
179 211
286 294
391 405
56 189
114 118
245 253
491 519
565 568
7 228
82 126
93 153
194 202
309 310
598 645
619 651
179 191
190 205
229 255
476 530
488 535
120 124
349 432
565 567
652 663
68 102
171 172
199 203
244 260
253 268
379 380
43 50
70 96
262 263
316 445
324 445
11 52
33 45
44 45
246 679
336 337
538 597
189 517
272 276
346 442
401 428
615 658
20 21
23 47
63 64
284 292
566 644
256 257
316 434
342 430
371 397
549 611
377 387
471 522
110 111
282 296
335 337
338 339
569 570
587 588
625 632
25 42
27 181
47 48
285 297
290 297
464 517
555 631
544 546
549 642
621 660
310 311
324 338
328 335
392 397
473 665
1 160
222 264
274 276
608 609
171 627
245 246
491 497
626 635
589 622
7 216
45 156
276 279
294 296
384 389
467 500
563 613
673 674
481 522
44 181
96 97
224 265
229 230
354 428
382 383
443 444
609 621
644 663
89 130
284 297
296 297
492 514
553 611
86 148
191 192
229 264
238 252
381 382
549 550
583 605
112 133
336 348
128 146
281 309
487 488
43 44
243 675
320 322
91 116
127 152
171 630
458 478
639 644
225 226
358 359
373 377
377 446
590 652
6 216
55 188
102 151
295 309
339 340
505 507
552 590
71 106
320 321
404 407
409 413
591 593
118 136
254 682
453 474
513 537
239 260
307 308
349 381
449 465
469 597
611 663
70 105
504 507
573 617
36 210
485 496
523 536
579 580
678 679
87 101
108 115
211 212
237 238
295 310
375 447
510 511
44 46
69 128
318 319
333 335
573 636
29 31
392 410
457 541
55 59
325 327
350 352
406 411
565 641
609 661
14 21
305 311
488 518
574 576
588 608
590 602
485 498
171 183
221 255
292 293
402 410
625 626
83 103
114 122
170 183
229 234
376 383
455 503
583 621
112 115
179 625
411 412
531 532
604 643
73 77
96 105
178 179
628 629
631 638
190 204
201 212
394 403
469 545
523 542
12 175
247 253
348 433
461 464
110 119
222 223
270 274
328 429
490 521
160 204
174 666
356 357
586 588
125 126
238 241
245 678
280 288
317 434
340 361
610 648
118 142
372 430
529 535
559 577
118 124
276 277
294 310
340 356
349 380
366 428
372 374
614 647
631 665
76 116
91 145
298 313
452 511
459 460
530 542
581 582
575 617
99 133
132 133
201 208
305 307
344 345
436 437
510 527
598 650
171 173
334 335
571 572
33 46
36 37
99 117
109 112
269 277
486 520
569 639
78 87
93 130
97 127
327 435
370 371
371 403
466 476
101 110
117 144
149 150
438 455
480 488
16 18
110 137
111 133
479 524
288 297
572 647
579 582
107 114
169 210
500 501
318 363
491 502
618 649
18 52
222 672
370 430
431 445
513 515
244 677
439 455
9 10
323 426
227 235
242 254
412 416
459 461
473 478
108 122
121 139
316 430
376 379
387 392
392 394
403 428
544 545
606 620
608 657
165 166
225 229
227 265
239 240
554 626
632 655
154 155
338 340
427 428
471 481
552 648
637 656
162 164
269 275
387 388
406 409
470 546
615 617
192 209
243 244
245 254
282 288
346 351
351 352
406 412
99 141
251 259
358 360
490 501
11 12
271 273
316 343
78 83
155 157
506 507
118 125
354 430
384 446
434 445
400 407
23 49
111 112
211 214
220 235
226 232
300 310
378 386
623 628
32 46
195 684
248 258
405 406
43 48
287 290
454 534
498 499
509 516
561 576
0 4
206 214
282 294
299 307
79 84
273 276
395 396
606 607
680 681
216 267
326 327
598 618
109 139
226 230
342 344
620 654
668 669
280 281
303 312
397 403
448 462
469 596
537 543
580 585
56 60
223 224
275 279
327 329
332 333
603 649
431 443
106 122
115 122
184 205
237 239
269 286
316 338
322 439
108 110
260 261
636 646
580 610
20 177
304 311
340 440
466 483
491 535
532 533
549 653
603 604
612 644
217 671
330 335
578 624
615 619
514 515
534 556
578 604
595 596
614 635
112 139
577 594
84 96
112 134
186 193
261 263
306 309
458 459
551 553
377 378
53 54
72 82
79 100
92 176
97 128
172 173
228 255
217 236
322 445
326 408
423 429
564 569
565 624
69 125
77 105
85 86
109 110
113 138
299 305
332 334
581 648
480 522
28 45
86 110
112 137
225 672
253 257
259 262
304 305
566 575
0 9
68 69
138 139
164 200
356 428
128 144
316 362
405 427
477 596
502 539
65 615
114 120
248 683
287 297
449 466
491 507
473 524
86 98
235 252
270 279
288 289
316 323
317 445
375 391
492 508
142 143
272 279
343 344
595 601
610 660
35 174
349 367
196 289
288 292
329 335
349 433
419 422
467 480
521 525
89 157
229 231
488 490
78 80
98 104
243 677
466 542
513 531
547 596
631 637
24 27
551 640
644 658
86 104
107 123
238 240
315 407
348 442
555 611
6 9
11 16
141 149
217 218
284 290
366 401
558 576
11 175
20 22
39 540
451 454
462 556
489 520
47 49
169 188
239 674
457 465
37 39
71 151
197 198
284 294
29 30
416 417
463 478
332 335
343 372
450 456
640 641
269 272
286 292
399 402
456 460
548 596
589 657
53 184
77 96
192 213
288 296
342 356
471 476
572 646
27 42
83 98
129 130
184 187
340 341
345 347
392 393
501 525
68 70
180 214
269 270
274 277
298 304
329 330
330 435
540 541
112 132
167 182
242 678
412 413
469 477
107 113
146 147
162 163
560 565
68 73
252 267
281 295
488 522
19 123
89 158
220 232
240 676
348 352
391 392
475 480
572 615
101 109
309 314
488 491
512 543
533 534
587 643
290 293
405 420
438 439
246 680
358 365
566 568
55 60
61 63
159 184
206 213
252 676
25 188
563 564
608 622
652 662
503 504
553 633
591 607
264 265
281 311
492 505
129 152
316 440
471 488
481 488
481 518
617 651
67 89
72 80
254 679
305 312
538 576
681 682
132 137
365 401
366 403
94 104
110 139
185 204
237 252
240 258
324 426
325 338
526 529
257 258
348 432
354 365
393 394
94 103
259 668
484 545
552 604
86 101
87 94
328 423
452 532
458 667
468 664
496 497
19 177
95 145
598 610
630 644
70 90
62 65
92 97
170 209
226 231
337 344
425 523
486 537
69 142
76 157
134 138
285 314
331 332
354 355
452 453
180 187
354 369
362 363
472 477
32 182
553 606
98 99
355 357
369 371
407 415
113 134
117 154
217 219
348 353
461 462
489 513
592 651
112 121
118 119
181 203
298 302
449 481
512 514
568 613
607 608
494 543
240 674
254 678
286 296
301 312
322 437
342 440
544 548
352 380
3 184
12 14
48 181
69 97
77 95
88 91
130 153
454 461
155 158
574 599
568 569
68 90
102 143
113 114
117 149
228 265
323 441
553 590
236 268
582 602
1 2
290 314
561 564
44 51
463 664
195 197
365 366
388 392
450 667
488 507
558 560
92 192
249 250
356 440
351 375
611 644
559 561
29 188
127 128
144 145
199 200
316 372
386 387
555 557
19 21
28 29
76 94
172 174
393 395
551 578
113 121
469 484
549 562
640 644
63 183
389 390
75 152
165 218
294 297
300 309
61 66
161 187
172 189
241 673
289 294
404 406
516 543
121 134
281 300
552 583
20 136
67 93
319 320
320 323
414 415
25 207
185 212
397 402
451 452
455 465
553 622
62 63
88 95
204 211
269 282
558 616
655 656
174 189
217 670
521 522
584 621
222 225
284 288
327 408
327 429
342 343
434 443
570 651
7 8
63 66
75 130
126 151
240 261
269 279
295 300
280 289
453 470
556 638
239 261
289 291
409 410
451 453
457 466
470 474
573 600
80 150
236 251
486 501
497 519
591 594
670 671
134 137
284 287
344 374
357 428
32 34
69 206
493 510
35 37
106 114
270 276
287 306
302 304
570 592
238 674
249 254
365 428
443 445
472 665
496 520
37 57
110 140
198 420
299 304
483 518
593 594
31 51
71 74
80 147
229 233
497 539
571 659
38 39
114 115
425 426
556 557
595 606
109 135
228 267
232 233
376 389
320 441
485 494
627 653
13 18
62 64
166 194
386 446
524 557
586 605
106 107
241 263
258 683
575 658
182 214
201 202
219 266
290 291
298 299
324 444
448 464
118 122
162 187
309 311
380 382
561 562
596 601
354 372
474 596
494 516
475 487
73 79
275 282
280 283
322 436
323 445
418 419
466 471
495 496
567 569
627 636
632 633
291 308
398 401
577 589
74 102
452 485
507 535
560 566
612 613
250 254
261 674
320 437
587 645
79 96
358 428
402 406
675 677
3 11
107 120
108 114
176 192
224 672
374 410
574 600
85 87
368 371
517 530
13 16
237 260
281 310
322 441
347 348
437 503
478 479
554 613
274 357
652 581
211 174
362 581
636 125
406 581
407 126
598 503
606 503
367 126
151 220
285 522
339 428
214 1
215 220
255 358
223 174
586 338
162 1
141 428
35 338
36 503
561 350
504 581
507 357
377 291
525 174
638 581
111 503
110 350
633 581
574 428
77 174
651 219
83 358
84 439
7 291
6 581
55 338
90 220
5 220
4 338
618 581
336 126
335 358
189 175
188 358
304 220
191 219
190 439
247 291
28 503
27 125
234 357
204 291
203 581
334 503
41 219
42 439
54 581
53 220
669 220
297 581
298 338
340 1
447 439
301 291
129 503
128 221
206 174
205 428
230 175
231 503
159 350
379 357
135 522
136 428
435 439
434 291
662 291
267 125
259 357
258 221
257 350
325 125
326 581
201 175
202 174
269 1
594 522
425 358
426 350
451 126
294 522
311 350
312 291
483 174
590 220
446 358
229 1
531 350
583 503
266 291
145 174
144 428
527 125
352 522
178 221
179 220
279 219
433 219
489 125
554 428
327 503
328 503
532 175
603 291
263 1
421 358
481 522
482 221
487 522
416 291
644 125
655 125
575 174
558 126
462 220
627 358
622 428
637 219
493 1
592 358
137 350
138 503
585 221
516 338
517 291
530 219
477 358
450 439
449 1
354 358
355 126
380 220
381 126
470 581
208 357
209 358
56 350
57 1
121 522
122 175
316 221
317 220
486 174
93 220
69 221
70 358
118 522
49 126
50 503
582 581
169 219
515 219
514 125
591 291
544 125
545 1
22 522
21 221
614 350
615 350
631 221
624 581
180 221
181 581
270 1
23 221
24 126
314 357
315 439
386 125
387 1
551 174
523 522
342 428
341 522
568 174
506 350
505 581
519 439
542 175
577 503
576 1
607 503
668 522
559 220
232 125
233 439
555 439
547 220
459 581
463 338
239 358
207 581
91 126
92 126
288 220
625 357
518 338
432 126
431 221
147 522
146 1
170 220
171 581
319 357
321 358
320 219
389 357
278 357
277 428
94 175
19 221
20 221
295 428
251 428
250 125
148 358
149 220
365 357
488 338
461 338
271 581
217 522
218 221
58 358
17 428
18 581
264 581
265 581
632 338
160 126
172 219
173 125
272 357
375 357
376 357
595 291
619 357
467 1
468 175
196 338
195 428
348 338
349 503
373 338
374 291
343 219
44 125
43 221
139 428
453 220
330 350
331 350
565 175
564 358
524 175
194 175
193 350
404 581
29 174
30 125
443 175
442 357
572 175
521 358
520 357
372 221
371 358
539 503
412 581
411 125
96 220
95 219
580 174
682 503
452 219
436 175
500 1
497 175
448 350
648 503
535 125
417 338
303 581
471 581
664 581
252 220
253 175
337 221
364 174
641 350
667 350
440 338
441 1
663 126
678 581
469 522
630 338
550 357
653 522
513 350
512 439
571 221
601 291
460 581
392 522
666 126
626 439
661 1
672 357
578 581
680 581
538 219
587 220
299 219
300 439
47 522
48 219
388 358
509 439
508 581
533 174
534 581
543 357
400 357
399 1
649 358
302 350
563 291
567 338
584 358
313 439
610 503
281 581
280 338
329 581
670 219
430 358
370 174
502 126
318 503
353 581
645 428
646 503
163 338
164 439
106 291
105 1
14 125
2 581
3 220
165 1
166 439
309 350
310 220
39 291
40 220
187 126
186 220
167 350
168 174
457 174
458 125
157 338
158 221
541 125
286 428
635 439
409 219
410 581
113 439
112 581
491 439
127 220
228 220
346 219
347 338
262 174
679 428
537 581
617 175
629 357
569 357
570 175
671 219
673 439
660 219
351 291
466 503
557 522
473 220
605 581
200 338
199 219
596 581
226 358
227 126
246 220
245 221
405 357
79 1
25 503
26 338
465 221
556 503
589 428
63 219
64 522
103 125
102 125
293 1
292 350
344 358
345 175
66 220
65 439
256 358
104 358
12 220
13 291
80 1
268 125
382 338
89 503
88 221
134 428
155 174
154 174
420 220
403 126
156 125
51 358
52 338
511 219
621 358
620 219
198 174
197 522
492 125
675 358
676 581
308 338
613 125
642 350
445 174
444 126
476 220
475 338
562 581
424 220
423 503
623 291
117 1
116 221
307 358
684 221
540 439
480 125
501 291
609 219
152 428
153 126
681 126
647 503
479 357
115 503
114 1
395 439
31 126
32 428
593 174
108 581
109 439
548 125
464 522
393 358
394 126
616 503
408 126
634 581
612 503
658 291
654 220
333 358
323 174
240 219
241 220
659 338
510 350
566 291
369 126
368 126
604 439
59 221
361 357
275 581
276 357
99 357
242 439
573 358
602 350
413 175
359 175
579 1
683 522
211 498
362 581
636 192
406 350
407 291
598 498
606 130
367 174
151 588
285 126
339 397
214 428
215 273
255 581
223 249
586 397
162 358
141 397
35 287
36 174
561 130
504 677
507 503
377 350
525 291
638 677
111 677
110 397
633 385
574 522
258 212
426 175
451 428
294 498
311 249
312 588
483 287
590 588
446 350
229 243
531 243
583 212
266 248
145 439
144 428
527 213
352 175
178 665
179 498
279 287
433 126
489 499
554 130
327 249
328 428
532 243
603 357
263 249
421 439
481 221
482 287
487 588
416 131
644 498
655 249
575 358
558 192
462 503
627 581
622 243
637 125
50 385
591 174
551 677
523 439
342 503
341 249
568 677
506 130
505 131
519 192
542 503
577 350
576 131
607 174
668 358
559 357
232 358
233 428
207 503
91 677
92 212
288 588
625 130
518 175
432 175
431 357
147 338
146 581
170 503
171 175
319 677
321 248
320 220
389 174
278 338
277 243
94 125
19 665
20 357
295 221
251 243
250 581
148 499
149 175
365 498
488 665
461 212
271 249
217 677
218 358
58 175
17 650
18 126
264 287
265 588
632 357
160 126
172 498
173 665
272 677
375 248
376 126
595 213
619 248
467 221
468 581
196 131
195 358
348 220
349 650
373 677
374 220
343 338
44 397
43 428
139 385
453 677
330 213
331 439
565 249
564 499
524 220
194 499
193 581
404 219
29 248
30 581
443 213
442 439
572 397
521 385
520 291
372 499
371 588
539 439
412 439
411 243
96 220
95 249
580 503
682 249
452 665
436 522
500 273
497 581
448 220
648 581
535 192
417 498
303 428
471 192
664 503
252 131
253 213
337 221
364 220
641 287
667 677
440 221
441 219
663 291
678 358
469 385
630 588
550 350
653 385
513 650
512 291
571 273
601 439
460 213
626 212
661 397
672 677
578 677
680 219
538 126
587 665
299 499
300 1
47 499
48 219
388 677
509 338
508 219
533 350
534 498
543 130
400 213
399 221
649 665
302 221
563 428
567 428
584 581
313 385
610 125
281 1
280 192
329 358
670 588
430 677
370 522
502 581
318 291
353 677
645 439
646 498
163 248
164 588
106 221
105 588
14 131
2 243
3 350
165 219
166 220
309 397
310 131
39 287
40 650
187 175
186 650
167 338
168 358
457 499
458 665
157 350
158 428
541 1
286 499
635 220
409 125
410 174
113 213
112 665
491 439
127 581
228 357
346 287
347 174
262 192
679 385
537 357
617 665
629 650
569 677
570 499
671 174
673 522
660 131
351 665
466 175
557 273
473 243
605 1
200 503
199 219
596 588
226 287
227 219
246 350
245 522
405 174
79 677
25 125
26 503
465 665
556 588
589 175
63 220
64 175
103 220
102 385
293 665
292 588
344 243
345 192
66 350
65 428
256 428
104 385
12 175
13 273
80 174
268 273
382 499
89 248
88 358
134 249
155 650
154 287
420 221
403 522
156 1
51 249
52 243
511 338
621 174
620 498
198 677
197 439
492 439
675 350
676 503
308 498
613 428
642 212
445 677
444 125
476 498
475 338
562 498
424 212
423 1
623 588
117 219
116 243
307 287
684 273
540 125
480 677
501 650
609 249
152 385
153 677
681 291
647 650
479 248
115 248
114 249
395 125
31 677
32 581
593 130
108 130
109 212
548 174
464 522
393 125
394 174
616 338
408 357
634 125
612 287
658 439
654 212
333 581
323 581
240 338
241 212
659 287
510 126
566 350
369 220
368 499
604 385
59 665
361 677
275 581
276 126
99 273
242 192
573 358
602 588
413 131
359 522
579 243
574 384
258 428
426 244
451 390
294 131
311 192
312 287
483 174
590 133
446 273
229 390
531 120
583 120
266 130
145 175
144 124
527 396
352 306
178 356
179 174
279 60
433 526
489 107
554 74
327 249
328 474
532 665
603 237
263 428
421 485
481 677
482 422
487 284
416 357
644 438
655 526
575 599
558 130
462 61
627 120
622 628
637 287
50 296
591 9
551 398
523 143
342 650
341 210
568 182
506 552
505 439
519 238
542 123
577 358
576 248
607 665
668 107
559 60
232 221
233 37
146 81
272 133
376 175
595 237
349 396
373 522
374 185
343 62
44 338
43 76
139 210
453 422
330 438
331 422
565 665
564 38
524 124
520 237
372 398
371 61
539 177
411 140
95 76
580 385
682 46
436 15
648 332
535 438
303 665
471 76
253 478
441 82
663 243
678 503
550 16
653 140
513 490
512 74
571 38
601 650
460 282
626 81
661 238
672 305
578 34
680 72
538 244
587 599
299 37
300 665
47 221
48 390
388 597
509 284
508 283
533 81
534 192
543 296
400 235
399 185
649 81
302 33
563 124
567 284
584 82
313 526
610 287
281 656
280 73
329 120
670 130
430 126
370 1
502 385
318 120
353 248
645 8
646 16
164 439
106 131
105 384
14 81
2 656
3 11
165 324
166 71
309 140
310 415
39 282
40 38
187 498
186 296
167 71
168 38
457 185
458 495
157 494
158 236
541 244
286 119
635 498
409 597
410 45
113 175
112 185
491 177
127 61
228 132
346 526
347 98
262 182
679 75
537 97
617 131
629 1
569 213
570 142
671 60
673 438
660 177
351 249
466 665
557 363
473 74
605 356
79 73
25 650
26 385
465 296
556 296
589 498
63 174
64 140
103 243
102 38
293 305
292 130
344 174
345 34
66 220
65 427
256 439
104 76
12 291
13 356
80 588
268 306
382 415
89 236
88 98
134 422
155 422
154 61
420 391
403 85
156 581
51 503
52 437
511 494
621 665
620 176
198 235
197 522
492 82
675 85
676 98
308 599
613 455
642 46
445 243
444 140
476 68
475 62
562 132
424 495
423 97
623 522
117 665
116 552
307 97
684 438
540 599
480 174
501 68
609 125
152 244
153 62
681 73
647 552
479 140
395 72
464 438
616 357
408 397
634 72
612 656
658 503
487 174
644 422
487 267
416 72
644 159
622 182
637 677
607 138
376 69
595 124
682 494
535 432
682 85
663 297
678 247
50 209
591 206
568 8
505 120
607 28
146 354
272 422
376 495
595 208
349 485
373 356
374 188
343 132
44 28
43 161
139 552
453 61
330 248
331 28
565 490
564 234
524 418
520 150
372 208
371 138
539 209
411 81
95 53
580 204
682 291
436 450
648 581
535 57
303 332
471 415
253 304
441 10
663 11
678 98
550 385
653 355
601 259
460 189
661 15
578 57
680 306
649 124
258 27
294 628
590 628
279 235
487 414
416 188
644 74
622 210
637 28
50 437
591 174
551 618
523 220
342 495
341 526
568 284
506 363
505 213
519 131
542 553
577 338
576 206
607 38
668 128
559 287
232 297
233 9
146 427
272 249
376 82
595 549
349 357
373 677
374 73
343 33
44 332
43 73
139 651
453 301
330 128
331 71
565 438
564 485
524 273
520 588
372 628
371 656
539 384
411 125
95 383
580 188
682 231
436 142
648 210
535 379
303 439
471 439
253 248
441 82
663 236
678 306
550 243
653 350
513 282
512 618
571 42
601 296
460 5
626 6
661 159
672 221
578 628
680 282
538 379
587 415
649 588
563 287
280 236
258 291
426 46
451 82
294 335
311 305
312 366
483 75
590 522
446 415
229 363
531 284
583 124
266 291
145 628
144 484
527 10
352 219
178 490
179 656
279 161
433 581
489 84
554 120
327 427
328 356
532 385
603 4
263 284
421 366
481 74
482 391
487 608
416 174
644 338
655 212
575 82
558 55
462 98
627 383
622 418
637 212
50 189
591 5
551 33
523 78
342 291
341 123
568 437
506 174
505 498
519 665
542 130
577 677
576 45
607 85
668 125
559 8
232 552
233 383
146 131
272 33
376 7
595 132
349 608
373 522
374 83
343 600
44 175
43 177
139 427
453 61
330 90
331 143
565 296
564 484
524 5
520 60
372 7
371 322
539 4
411 398
95 10
580 356
682 16
436 124
648 677
535 363
303 37
471 7
253 76
441 4
663 455
678 490
550 142
653 289
513 597
512 522
571 588
601 503
460 656
626 485
661 414
672 383
578 398
680 77
538 68
587 177
388 588
399 184
649 336
563 553
567 383
584 391
610 650
280 177
670 132
430 37
502 189
258 84
426 46
451 16
294 82
311 248
312 650
483 7
590 322
446 10
229 210
531 6
583 503
266 34
145 244
144 296
527 82
352 123
178 391
179 81
279 46
433 384
489 522
554 665
327 494
328 385
532 296
603 73
263 220
421 9
481 366
482 494
487 640
416 6
644 235
655 210
575 82
558 237
462 133
627 495
622 238
637 650
50 38
591 15
551 185
523 6
342 478
341 383
568 221
506 61
505 396
519 45
542 396
577 9
576 131
607 130
668 306
559 628
232 422
233 495
146 120
272 82
376 391
595 237
349 414
373 8
374 363
343 383
44 72
43 182
139 356
453 396
330 494
331 85
565 455
564 439
524 85
520 15
372 390
371 6
539 494
411 526
95 213
580 74
682 46
436 656
648 284
535 498
303 130
471 390
253 176
441 494
663 322
678 1
550 553
653 305
513 11
512 422
571 546
601 184
460 414
626 546
661 396
672 210
578 124
680 82
538 184
587 306
388 350
399 474
649 363
563 174
567 284
584 244
313 414
610 210
281 495
280 126
329 356
670 38
430 385
370 185
502 650
318 496
646 289
258 133
426 581
451 357
294 640
311 174
312 324
483 77
590 107
446 356
229 85
531 396
583 125
266 628
145 418
144 656
527 415
352 289
178 478
179 485
279 608
433 357
489 651
554 84
327 498
328 427
532 72
603 283
263 455
421 414
481 385
482 72
487 244
416 296
644 536
655 78
575 290
558 124
462 650
627 284
622 384
637 124
50 284
591 363
551 61
523 332
342 78
341 427
568 640
506 552
505 437
519 67
542 97
577 552
576 37
607 184
668 296
559 140
232 305
233 243
146 495
272 185
376 366
595 549
349 428
373 391
374 243
343 62
44 484
43 396
139 496
453 390
330 600
331 397
565 82
564 357
524 221
520 640
372 249
371 495
539 498
411 98
95 665
580 552
682 640
436 45
648 526
535 15
303 600
471 546
253 499
441 78
663 71
678 192
550 125
653 123
513 290
512 553
571 75
601 46
460 490
626 142
661 549
672 284
578 490
680 358
538 244
587 68
388 175
534 38
543 132
399 455
649 553
302 324
563 76
567 77
584 161
313 415
610 597
281 123
280 143
329 396
670 384
430 219
370 306
502 384
318 98
645 385
646 390
570 439
569 161
570 39
671 8
673 38
541 235
127 291
537 244
617 499
629 10
569 454
570 125
671 243
673 600
660 485
605 249
105 549
14 8
2 219
3 363
165 238
166 396
309 126
310 77
39 350
40 640
187 73
186 11
167 125
168 46
457 284
458 213
157 68
158 244
541 454
286 174
635 75
409 290
410 363
113 494
112 283
491 422
127 61
228 322
346 438
347 71
262 397
679 185
537 363
617 244
629 98
569 77
570 358
671 221
673 552
660 384
351 8
466 75
557 150
473 391
605 1
106 322
105 677
14 549
2 650
3 427
165 131
166 244
309 283
310 185
39 33
40 536
187 78
186 640
167 125
168 38
457 177
458 397
157 71
158 75
541 356
286 182
635 553
409 78
410 124
113 185
112 384
491 287
127 185
228 132
346 273
347 11
262 290
679 384
537 119
617 536
629 427
569 503
570 97
671 439
673 68
660 243
351 384
466 437
557 546
473 107
605 628
164 287
106 73
105 97
14 366
2 140
3 107
165 494
166 120
309 77
310 396
39 455
40 494
187 33
186 384
167 98
168 490
457 237
458 221
157 581
158 161
541 503
286 130
635 496
409 600
410 77
113 305
112 437
491 244
127 143
228 192
346 221
347 665
262 235
679 130
537 437
617 16
629 238
569 220
570 9
671 366
673 350
660 385
351 10
466 396
557 290
473 665
605 363
79 390
25 98
26 76
465 124
556 396
589 46
63 210
64 68
103 150
102 85
293 46
292 182
344 1
345 656
66 62
65 77
256 383
104 119
12 184
13 454
80 553
268 384
382 68
89 597
88 62
134 289
155 107
154 581
420 68
403 221
156 599
51 494
52 10
511 192
621 142
620 455
198 45
197 175
492 38
675 120
676 305
308 498
613 133
642 599
445 8
444 384
476 546
475 357
562 37
424 597
423 427
623 428
117 192
116 499
307 175
684 414
540 553
480 397
501 120
609 536
152 356
153 38
681 150
647 130
479 107
395 243
464 503
616 478
634 366
612 296
675 33
676 403
613 102
642 427
444 51
444 599
684 33
420 498
403 123
156 64
51 102
52 246
511 588
621 526
620 81
198 97
197 478
492 415
675 10
676 415
308 498
613 124
642 102
445 227
444 38
476 199
475 597
562 478
424 220
423 237
684 150
540 132
395 199
464 526
616 130
616 46
79 212
25 248
26 38
465 81
556 176
589 640
63 15
64 455
103 73
102 174
293 67
292 503
344 422
345 287
66 34
65 46
256 474
104 284
12 249
13 126
80 236
268 126
382 236
89 74
88 322
134 484
155 75
154 182
420 494
403 397
156 184
51 628
52 291
511 97
621 238
620 588
198 503
197 363
492 33
675 289
676 383
308 284
613 599
642 484
445 67
444 428
476 221
475 236
562 174
424 499
423 552
623 358
117 192
116 536
307 1
684 142
540 455
480 665
501 76
609 62
152 490
153 243
681 650
647 384
479 356
395 183
464 324
616 119
634 418
258 439
426 503
451 484
294 522
311 496
312 76
483 120
590 243
446 677
229 332
531 478
583 428
266 665
145 244
144 130
527 185
352 221
178 485
179 414
279 287
433 213
489 290
554 177
327 219
328 291
532 107
603 125
263 125
421 437
481 273
482 437
487 1
416 15
644 244
655 324
575 414
558 498
462 485
627 46
622 427
637 212
50 107
591 237
551 9
523 490
342 119
341 123
568 350
506 74
505 390
519 650
542 650
577 9
576 546
607 142
668 439
559 132
232 290
233 391
146 177
272 391
376 287
595 496
349 522
373 397
374 243
343 10
44 183
43 72
139 74
453 490
330 175
331 305
565 498
564 219
524 384
520 284
372 161
371 484
539 287
411 213
95 677
580 383
682 383
436 422
648 428
535 16
303 418
471 358
253 140
441 287
663 60
678 120
550 437
653 296
513 174
512 140
571 33
601 182
460 438
626 61
661 140
672 437
578 490
680 324
538 219
587 219
299 235
300 82
47 123
48 133
388 185
509 8
508 212
533 132
534 484
543 237
400 363
399 322
649 650
302 38
563 503
567 150
584 439
313 10
610 131
281 391
280 496
329 422
670 414
430 120
370 305
502 140
318 130
353 422
645 546
646 11
164 391
106 249
105 418
14 182
2 503
3 119
165 8
166 9
309 184
310 140
39 11
40 184
187 60
186 72
167 366
168 499
457 85
458 45
157 384
158 237
541 287
286 397
635 33
409 474
410 177
113 306
112 244
491 282
127 363
228 552
346 235
347 287
262 72
679 123
537 174
617 581
629 357
569 85
570 45
671 126
673 126
660 503
351 495
466 656
557 291
473 130
605 238
79 628
25 384
26 332
465 174
556 390
589 454
63 439
64 628
103 243
102 290
293 73
292 291
344 597
345 150
66 213
65 220
256 484
104 427
12 390
13 536
80 385
268 60
382 427
89 437
88 499
134 455
155 85
154 192
420 10
403 74
156 82
51 9
52 131
511 124
621 552
620 182
198 182
197 131
492 553
675 552
676 677
308 98
613 428
642 290
445 132
444 415
476 350
475 503
562 33
424 235
423 549
623 597
117 177
116 503
307 238
684 503
540 212
480 67
501 283
609 588
152 608
153 522
681 177
647 220
479 522
395 536
464 485
616 210
634 665
612 499
658 494
359 428
222 174
274 1
652 1
211 174
362 174
636 1
406 1
407 174
598 174
606 174
367 174
151 174
285 174
339 174
214 174
215 174
255 174
223 1
586 174
162 174
141 174
35 174
36 1
561 174
504 174
507 174
377 174
525 1
638 1
111 1
110 174
633 1
574 174
600 174
640 174
78 1
77 174
651 1
83 1
84 1
7 1
6 174
55 1
90 1
5 1
4 174
618 174
336 174
335 174
189 174
188 174
304 1
191 174
190 174
247 174
28 1
27 174
234 1
204 1
203 1
334 174
41 1
42 1
54 1
53 174
669 174
297 174
298 174
340 174
447 1
301 174
129 174
128 1
206 1
205 174
230 174
231 1
159 174
379 1
135 1
136 174
435 1
434 1
662 1
267 174
259 174
258 1
257 174
325 174
326 174
201 174
202 174
269 174
594 174
425 174
426 1
451 174
294 1
311 174
312 174
483 1
590 174
446 174
229 174
531 174
583 1
266 174
145 174
144 1
527 1
352 1
178 1
179 174
279 174
433 174
489 1
554 174
327 1
328 1
532 1
603 1
263 174
421 1
481 174
482 174
487 174
416 174
644 1
655 1
575 174
558 1
462 1
627 1
622 1
637 1
493 174
592 1
137 174
138 174
585 1
516 1
517 174
530 174
477 174
450 174
449 1
354 174
355 174
380 1
381 1
470 174
208 174
209 174
56 174
57 174
121 1
122 1
316 174
317 174
486 174
93 174
69 174
70 174
118 174
49 174
50 174
582 174
169 174
515 1
514 174
591 174
544 1
545 174
22 1
21 174
614 174
615 1
631 1
624 1
180 174
181 1
270 174
23 1
24 174
314 174
315 1
386 174
387 1
551 1
523 174
342 174
341 1
568 174
506 174
505 174
519 174
542 174
577 1
576 174
607 174
668 174
559 174
232 174
233 174
555 1
547 174
459 174
463 174
239 174
207 174
91 1
92 1
288 174
625 174
518 174
432 1
431 174
147 174
146 174
170 1
171 174
319 174
321 174
320 1
389 174
278 174
277 174
94 174
19 1
20 174
295 1
251 1
250 174
148 1
149 174
365 174
488 174
461 174
271 174
217 174
218 174
58 1
17 1
18 1
264 1
265 1
632 174
160 1
172 1
173 1
272 174
375 174
376 1
595 174
619 174
467 1
468 174
196 174
195 174
348 174
349 174
373 1
374 1
343 174
44 174
43 174
139 174
453 1
330 1
331 174
565 174
564 174
524 1
194 1
193 174
404 174
29 174
30 174
443 174
442 174
572 1
521 174
520 1
372 1
371 174
539 174
412 174
411 174
96 1
95 1
580 1
682 1
452 174
436 174
500 1
497 174
448 174
648 174
535 1
417 174
303 1
471 1
664 174
252 1
253 174
337 174
364 174
641 1
667 1
440 1
441 174
663 174
678 1
469 174
630 174
550 174
653 174
513 174
512 1
571 174
601 1
460 1
392 174
666 174
626 174
661 1
672 174
578 1
680 1
538 174
587 174
299 1
300 174
47 174
48 1
388 1
509 174
508 174
533 174
534 1
543 174
400 174
399 1
649 1
302 1
563 174
567 1
584 174
313 174
610 174
281 174
280 174
329 1
670 174
430 174
370 1
502 174
318 174
353 174
645 1
646 174
163 1
164 174
106 1
105 1
14 1
2 1
3 174
165 1
166 174
309 1
310 174
39 1
40 1
187 174
186 174
167 174
168 1
457 174
458 1
157 1
158 174
541 174
286 174
635 174
409 174
410 174
113 174
112 174
491 174
127 174
228 174
346 1
347 174
262 1
679 174
537 174
617 174
629 174
569 1
570 1
671 174
673 174
660 1
351 174
466 1
557 174
473 1
605 174
200 174
199 174
596 174
226 174
227 1
246 174
245 174
405 174
79 174
25 1
26 174
465 174
556 174
589 174
63 174
64 174
103 174
102 1
293 174
292 174
344 174
345 174
66 174
65 174
256 1
104 174
12 174
13 1
80 1
268 174
382 1
89 174
88 174
134 1
155 1
154 174
420 1
403 1
156 1
51 174
52 1
511 1
621 174
620 174
198 1
197 174
492 174
675 174
676 174
308 1
613 174
642 174
445 1
444 174
476 174
475 174
562 1
424 174
423 174
623 174
117 1
116 174
307 1
684 174
540 174
480 174
501 174
609 174
152 174
153 1
681 174
647 174
479 174
115 174
114 174
395 1
31 1
32 1
593 174
108 174
109 174
548 174
464 1
393 174
394 1
616 174
408 174
634 1
612 174
419 1
658 174
378 174
101 1
100 1
216 174
654 174
657 1
333 1
323 174
240 174
241 1
659 174
611 174
261 1
260 1
528 174
529 174
674 174
429 1
639 1
510 174
566 1
369 1
368 1
604 1
59 1
361 174
275 1
276 174
99 1
242 1
573 174
602 1
413 174
360 1
359 174
579 174
560 174
643 174
402 1
401 174
87 174
86 174
254 174
683 174
472 174

