662 8271
115 199
170 239
309 369
380 430
461 469
389 390
592 646
352 571
332 333
372 374
442 443
477 516
657 661
147 219
308 340
392 393
609 610
117 346
198 210
455 570
511 579
123 238
145 187
433 570
644 646
7 118
87 160
197 269
297 311
316 431
362 414
471 510
473 568
33 166
527 557
227 279
305 308
407 410
438 439
452 554
471 582
524 572
140 222
615 616
546 550
457 584
554 580
592 600
106 192
110 263
304 427
656 657
84 195
112 274
304 393
304 419
12 89
477 504
62 183
84 138
189 229
354 426
474 564
31 156
483 528
55 131
304 435
362 384
392 412
51 271
131 286
309 310
319 335
569 582
602 608
7 198
17 288
70 74
308 331
597 634
1 297
104 290
596 609
73 216
54 205
71 141
78 293
305 307
382 401
473 492
497 508
36 67
599 628
620 621
592 595
113 228
596 597
19 140
481 520
592 618
603 639
477 526
111 201
164 345
324 330
493 574
100 220
191 289
256 418
318 323
389 416
522 531
182 200
203 205
305 378
516 571
627 629
75 254
468 527
485 495
597 610
623 639
20 272
52 317
43 145
158 232
21 26
468 523
303 345
342 376
497 505
10 121
109 188
136 207
201 260
394 413
623 660
71 116
358 384
416 436
451 485
609 626
652 655
158 202
483 496
502 518
650 651
81 251
550 553
314 385
224 400
373 420
40 97
134 250
198 283
60 223
487 515
456 535
168 259
44 209
467 545
565 567
331 366
198 388
204 252
651 655
49 170
547 584
328 428
591 603
466 481
48 211
458 579
470 548
408 409
108 270
321 385
470 542
41 263
384 394
608 632
26 68
488 579
587 594
597 638
7 37
163 381
247 413
412 413
593 641
61 189
76 117
142 357
344 415
479 536
537 554
28 53
464 534
533 554
11 24
73 132
501 553
9 105
501 521
519 568
559 581
586 589
611 630
155 274
111 283
199 243
379 427
55 175
130 280
89 135
314 342
77 141
381 418
302 423
384 386
425 426
460 535
498 548
24 192
484 539
499 581
647 654
463 557
161 253
349 400
652 658
38 266
503 554
39 292
170 382
45 276
368 413
452 572
479 583
0 221
74 327
218 270
478 479
484 518
517 565
590 661
32 227
98 209
371 398
490 512
494 545
94 245
39 123
202 204
219 268
317 360
546 552
614 641
30 307
456 507
456 551
87 196
75 233
358 359
476 569
531 573
8 221
428 429
377 647
649 654
354 357
463 581
543 650
659 660
332 375
448 561
150 212
149 223
304 406
654 657
144 358
173 280
596 601
3 258
186 241
330 417
57 237
129 220
180 206
368 408
535 551
101 228
122 223
498 574
61 151
308 421
481 541
106 134
248 414
415 441
597 622
149 240
364 435
589 590
642 643
358 422
600 632
652 653
402 423
298 299
51 236
540 572
654 660
396 397
596 634
95 226
469 556
85 200
323 416
5 212
164 208
359 387
647 648
50 271
68 325
78 214
251 415
481 487
595 618
42 263
119 141
138 291
229 230
462 574
470 575
475 542
86 330
344 441
624 638
177 244
205 257
336 387
0 285
655 660
598 605
409 411
155 277
360 414
459 509
589 631
606 625
612 613
317 422
313 412
595 642
72 141
653 654
203 280
162 244
58 107
337 399
589 633
155 284
566 571
604 625
142 214
145 366
152 375
293 294
305 377
430 431
92 263
362 363
378 649
436 438
1 227
45 80
162 279
343 502
349 381
394 408
500 508
12 293
34 369
62 112
18 235
296 447
67 280
241 286
157 275
120 133
172 271
437 438
492 577
18 200
450 483
262 422
234 294
353 369
370 381
456 522
2 94
510 569
625 630
182 190
125 167
292 293
24 288
342 431
440 441
592 593
126 348
46 181
69 74
233 267
604 628
1 8
329 432
444 445
16 222
30 95
43 66
127 154
555 584
655 657
13 244
308 320
313 314
359 384
27 139
306 380
449 524
456 574
606 615
37 104
411 414
430 612
73 112
170 185
9 302
102 342
454 560
30 96
487 575
453 552
592 627
344 405
348 349
178 387
27 32
207 208
310 644
351 400
24 304
118 198
335 385
495 538
529 561
614 645
57 283
202 390
356 388
96 287
494 501
580 585
588 609
476 528
337 339
610 639
44 233
90 332
235 265
477 488
74 240
142 291
164 254
225 244
616 638
14 23
147 259
321 429
322 392
519 554
77 143
60 145
620 642
241 267
323 388
449 532
65 202
114 133
271 424
317 358
372 420
458 533
512 583
597 601
46 200
15 56
155 193
304 344
380 381
420 421
70 196
246 268
567 568
129 143
455 517
618 644
54 289
146 236
57 231
83 194
399 429
587 607
479 496
509 532
517 563
604 632
65 252
169 228
277 282
373 374
603 610
69 197
73 99
175 238
516 554
348 397
505 539
660 661
211 286
473 562
298 338
29 153
300 370
479 581
597 626
4 227
318 441
338 399
453 532
305 306
307 418
337 431
529 530
101 272
499 538
500 516
332 334
105 190
249 281
563 564
618 619
9 215
298 342
431 432
486 508
57 124
357 403
107 201
59 276
205 282
24 157
56 191
334 384
396 398
504 537
594 627
49 184
109 161
171 221
508 585
33 195
13 79
355 402
651 656
6 64
168 172
304 365
455 456
565 566
63 321
81 216
347 393
378 440
384 385
387 405
633 659
654 659
6 44
177 248
477 520
132 275
463 474
568 576
433 434
366 389
482 514
486 566
127 191
80 225
113 170
202 243
383 416
392 565
421 444
491 508
22 88
594 638
356 383
455 563
276 427
653 655
393 427
233 234
401 421
451 465
655 659
57 318
404 420
416 437
134 276
345 403
317 394
14 164
599 611
219 395
228 269
305 433
347 355
181 207
456 556
653 657
308 341
589 607
605 621
92 215
68 213
535 574
14 85
617 618
55 148
174 232
464 584
654 661
159 192
17 250
316 376
656 658
15 276
112 264
327 436
566 580
25 249
215 265
434 437
4 82
326 356
464 555
480 535
652 657
23 186
155 205
3 125
233 403
252 416
326 578
479 490
159 276
176 384
7 266
334 413
395 409
139 191
366 367
471 561
365 422
97 287
407 412
517 525
606 637
141 356
171 271
205 391
461 478
635 636
93 166
488 566
460 559
324 428
381 442
514 558
121 151
19 121
33 165
137 141
360 361
7 210
217 394
298 335
325 457
593 645
40 213
55 150
100 232
297 312
364 422
473 503
38 103
33 47
10 123
377 433
325 331
273 426
409 413
586 627
97 169
278 428
381 397
521 532
560 569
653 656
50 167
118 119
255 417
351 420
16 230
398 428
543 658
58 281
115 128
614 621
88 292
106 250
473 489
488 544
588 639
5 108
463 564
527 538
576 580
110 218
297 406
369 409
609 639
627 631
22 33
244 253
91 336
137 260
392 407
470 547
482 516
9 48
407 617
420 442
474 499
483 506
28 237
43 74
450 499
454 583
230 402
242 405
307 420
322 455
391 441
463 507
607 627
20 74
400 420
407 565
445 446
535 573
652 659
336 428
302 303
644 645
651 658
25 201
232 295
338 339
540 549
314 321
315 419
464 475
130 276
114 193
160 252
184 206
347 491
14 136
470 513
468 481
333 413
474 557
564 581
33 309
43 187
35 264
396 399
479 499
124 155
336 447
481 511
525 563
635 637
277 284
179 206
448 501
465 568
64 142
315 379
321 376
66 295
639 640
470 578
347 350
487 518
145 223
146 368
459 577
103 252
194 206
228 401
330 434
397 400
405 415
453 558
7 116
320 417
33 135
301 371
352 423
375 413
153 293
83 117
121 154
369 426
387 441
515 574
597 609
29 148
392 440
594 631
628 638
382 434
147 258
199 232
308 327
346 444
53 107
82 123
413 424
35 280
185 206
244 406
455 543
612 643
652 661
21 226
121 347
31 270
212 230
479 564
11 79
598 613
350 425
472 500
600 627
659 661
14 303
397 431
508 566
156 229
122 261
309 409
346 447
472 488
263 423
309 425
68 261
72 128
93 246
107 120
188 191
351 374
308 325
42 286
657 658
36 276
416 434
469 474
47 285
112 344
147 245
183 257
252 290
2 165
513 574
309 311
346 382
333 384
466 544
107 343
617 209
37 209
224 1
635 209
478 332
586 1
585 235
620 209
569 332
647 209
275 209
29 235
526 235
651 1
230 209
73 332
74 332
503 1
603 235
46 332
39 209
38 235
369 1
267 209
268 235
63 235
62 235
154 209
504 235
468 1
469 332
560 332
535 1
78 1
79 235
75 332
76 1
88 332
550 235
156 209
155 332
217 209
346 209
345 1
238 235
237 1
491 209
257 332
258 209
180 332
179 235
344 1
283 209
282 235
289 1
456 235
314 332
315 209
87 209
86 235
448 209
292 235
212 209
211 332
440 1
439 1
384 209
151 209
186 1
185 209
299 1
298 1
353 209
247 235
246 1
544 332
249 209
248 235
19 209
18 209
421 1
523 332
524 235
650 209
35 235
34 332
304 209
570 209
571 209
417 209
416 209
593 209
273 209
2 209
3 1
152 332
153 235
165 235
164 332
418 209
205 332
204 332
574 332
251 209
250 1
614 209
549 1
540 209
53 209
52 1
519 209
536 235
656 209
497 1
496 209
611 1
20 235
21 332
438 1
437 235
374 332
373 1
659 209
481 235
480 209
552 209
578 209
433 209
434 235
128 209
127 332
516 1
515 235
509 209
581 332
661 209
419 1
256 235
255 332
403 209
426 209
274 1
529 235
455 209
654 235
624 209
622 1
548 332
270 1
188 1
187 209
424 1
308 1
307 209
542 209
649 209
94 1
95 235
333 235
653 1
101 235
31 1
30 332
122 209
226 209
225 1
284 1
285 209
466 332
612 235
27 209
26 209
262 235
261 235
502 209
124 209
123 235
435 1
568 332
362 235
447 1
513 1
512 209
408 332
409 1
563 332
594 209
365 209
364 209
463 235
640 209
64 1
65 1
632 209
567 209
380 209
98 235
97 235
107 235
452 209
305 209
306 209
110 235
111 209
342 332
658 332
601 209
596 209
432 209
340 235
339 235
321 209
322 332
511 235
192 332
193 1
442 332
556 235
557 235
410 209
411 332
125 332
119 1
118 209
334 1
43 1
42 209
358 1
359 209
150 235
149 209
449 235
487 1
507 209
388 209
198 332
199 1
175 235
176 209
214 209
591 1
444 209
223 235
222 209
518 209
517 209
520 235
263 209
264 209
372 235
597 209
598 209
102 1
103 332
337 209
580 209
579 1
616 1
609 209
608 209
218 1
219 209
420 332
303 209
108 235
109 209
453 209
525 209
81 1
80 209
166 235
402 235
401 209
443 209
286 235
287 1
367 209
92 332
93 332
290 332
450 209
488 209
588 209
554 209
495 209
494 332
114 209
115 332
528 332
527 209
621 235
582 209
68 209
69 235
477 209
371 1
532 1
533 209
139 332
54 1
55 209
4 209
5 209
493 332
508 209
126 332
47 209
13 332
12 209
89 235
291 332
131 209
130 235
485 235
472 1
471 209
82 332
83 209
296 332
137 235
138 209
142 209
32 209
33 209
171 209
170 209
277 209
203 209
227 1
397 209
482 209
328 1
327 235
196 209
197 209
295 209
294 209
572 235
470 235
370 209
25 209
24 209
96 209
240 235
239 1
396 235
354 235
233 235
234 209
431 235
349 209
348 332
394 332
446 209
395 1
195 235
514 209
551 235
657 209
232 332
407 209
425 209
458 332
160 209
159 1
329 332
330 1
628 209
630 235
631 1
163 1
169 235
587 235
615 1
71 1
72 209
428 332
429 1
473 332
474 209
464 209
465 209
162 209
161 1
383 1
302 209
301 1
547 235
638 332
404 1
392 332
280 209
279 1
14 235
15 235
23 235
22 235
104 209
311 209
172 1
293 209
41 1
40 209
167 209
168 235
278 332
646 1
422 1
200 209
66 209
67 209
350 1
326 332
325 209
343 1
260 209
259 209
385 332
386 209
190 209
191 1
391 209
441 1
9 209
8 209
368 209
309 1
310 209
363 235
376 235
375 209
538 1
539 209
129 209
77 1
60 209
61 209
400 332
399 209
320 1
243 209
85 209
84 209
382 332
541 209
633 1
605 209
604 235
323 209
377 235
266 209
265 1
546 332
583 209
390 1
117 209
116 209
236 1
505 209
347 235
545 209
202 235
201 1
231 235
610 209
112 235
113 209
573 235
627 332
648 209
623 332
213 235
281 209
316 332
484 209
589 235
660 235
492 209
607 1
641 1
634 332
510 209
378 209
379 332
207 209
206 1
381 209
636 209
430 332
506 1
599 1
427 1
120 235
637 235
300 209
584 209
16 1
17 1
398 235
486 209
553 209
475 332
558 332
318 332
317 235
595 209
530 209
91 209
90 209
252 209
253 1
132 209
133 332
618 235
498 1
499 332
319 1
143 235
144 209
241 235
242 1
576 209
629 209
606 209
454 332
602 209
357 209
324 209
436 1
652 1
577 209
645 332
178 209
177 209
412 209
643 235
531 209
457 235
366 209
639 209
355 209
356 332
141 235
140 209
297 1
626 209
613 1
522 235
521 235
537 209
600 209
642 332
543 209
405 235
341 235
625 1
489 209
352 209
351 209
220 1
221 1
592 235
335 1
336 1
406 235
194 332
158 209
157 235
655 332
619 1
575 1
467 209
483 235
566 235
562 235
501 209
500 1
451 332
569 559
647 559
275 48
29 338
74 174
179 235
289 228
456 338
314 414
315 254
87 559
86 559
448 210
292 1
212 36
211 479
440 312
439 479
384 254
151 559
186 414
185 479
299 210
298 49
353 414
247 312
246 254
544 235
249 414
248 48
19 235
18 559
421 209
523 147
524 332
650 415
35 209
34 174
304 415
570 209
571 174
417 173
416 49
593 312
273 173
2 173
3 312
152 182
153 228
165 48
164 36
418 1
205 173
204 559
574 49
251 36
250 210
614 147
549 48
540 415
53 173
52 1
519 147
536 210
656 49
497 228
496 48
611 36
20 338
21 36
438 36
437 49
374 254
373 559
659 415
481 209
480 148
552 415
578 332
433 235
434 228
128 228
127 174
516 332
515 209
509 181
581 1
661 415
419 415
256 479
255 210
403 48
426 48
274 415
529 254
455 49
654 147
188 182
187 414
424 415
308 181
307 209
542 209
649 1
94 48
95 1
333 332
653 36
101 148
31 173
30 1
122 36
226 254
225 148
284 312
285 479
466 1
612 48
27 49
26 559
262 338
261 332
502 312
124 148
123 49
435 332
568 479
362 147
447 210
513 209
512 173
408 313
409 414
563 182
594 210
365 332
364 209
463 48
640 254
64 312
65 228
632 254
567 147
380 235
98 312
97 235
107 181
452 1
305 181
306 338
110 182
111 228
342 559
658 254
601 312
596 312
432 338
340 559
339 479
321 173
322 415
511 254
192 210
193 414
442 235
556 414
557 173
410 338
411 228
125 148
119 49
118 415
334 1
43 332
42 414
358 36
359 414
150 209
149 1
449 209
487 148
507 338
388 182
198 228
199 36
175 235
176 48
214 235
591 235
444 182
223 148
222 174
518 36
517 36
520 479
263 210
264 209
372 210
597 48
598 174
102 36
103 181
337 479
580 209
579 312
616 313
609 173
608 174
218 147
219 1
420 181
303 174
108 181
109 338
453 181
525 173
81 181
80 173
166 181
402 1
401 147
443 235
286 415
287 479
367 414
92 173
93 313
290 36
450 173
488 479
588 235
554 48
495 228
494 147
114 559
115 313
528 147
527 182
621 479
582 414
68 254
69 181
477 332
371 173
532 338
533 254
139 48
54 415
55 210
4 479
5 228
493 479
508 479
126 147
47 147
13 209
12 48
89 209
291 48
131 312
130 415
485 228
472 173
471 228
82 148
83 254
296 254
137 414
138 235
142 174
32 332
33 414
171 479
170 147
277 209
203 174
227 338
397 182
482 479
328 181
327 147
196 313
197 415
295 332
294 148
572 479
470 338
370 148
25 209
24 313
96 414
240 254
239 332
396 415
354 210
233 414
234 235
431 48
349 313
348 415
394 332
446 174
395 49
195 182
514 235
551 209
657 148
232 254
407 181
425 173
458 173
160 254
159 147
329 313
330 559
628 414
630 415
631 181
163 182
169 479
587 209
615 182
71 181
72 415
428 559
429 415
473 313
474 414
464 414
465 174
162 414
161 228
383 254
302 209
301 332
547 559
638 174
404 148
392 338
280 36
279 414
14 338
15 174
23 148
22 210
104 148
311 414
172 1
293 36
41 332
40 414
167 559
168 338
278 312
646 313
422 479
200 147
66 181
67 210
350 414
326 332
325 312
343 49
260 228
259 338
385 332
386 49
190 479
191 147
391 414
441 181
9 312
8 48
368 49
309 49
310 415
363 49
376 228
375 235
538 228
539 254
129 36
77 332
60 173
61 48
400 559
399 48
320 228
243 209
85 313
84 173
382 1
541 414
633 1
605 338
604 338
323 1
377 559
266 479
265 173
546 181
583 209
390 209
117 414
116 48
236 479
505 479
347 49
545 414
202 181
201 49
231 414
610 332
112 36
113 182
573 559
627 148
648 235
623 254
213 48
281 49
316 1
484 147
589 49
660 1
492 210
607 332
641 254
634 49
510 414
378 48
379 147
207 182
206 182
381 312
636 148
430 209
506 36
599 1
427 148
120 182
637 174
300 173
584 415
16 210
17 173
398 173
486 414
553 181
475 48
558 338
318 332
317 174
595 181
530 147
91 414
90 559
252 313
253 174
132 228
133 48
618 235
498 182
499 174
319 235
143 48
144 415
241 147
242 181
576 48
629 209
606 338
454 49
602 228
357 228
324 415
436 414
652 235
577 181
645 479
178 312
177 479
412 148
643 36
531 49
457 49
366 479
626 1
613 181
522 559
521 479
537 181
600 254
642 415
543 235
405 173
341 49
625 559
489 148
352 48
351 414
220 36
221 174
592 1
335 49
336 148
406 312
194 210
158 174
157 313
655 210
619 414
575 181
467 338
483 210
647 184
275 415
29 490
74 413
179 184
289 48
456 184
314 145
315 147
87 184
86 59
448 559
292 459
212 1
211 49
440 58
439 106
384 313
151 312
186 445
185 99
299 590
298 174
353 590
247 461
246 182
544 555
249 555
248 49
19 209
18 415
421 590
523 183
524 361
650 389
35 49
34 312
304 145
570 228
571 361
417 1
416 121
593 389
273 555
2 338
3 121
152 228
153 100
165 174
164 36
418 148
205 445
204 461
574 100
251 174
250 559
614 100
549 235
540 145
53 338
52 209
519 106
536 100
656 99
497 313
496 360
611 490
20 121
21 461
438 479
437 235
374 106
373 105
659 100
481 147
480 332
552 99
578 445
433 338
434 181
128 590
127 338
516 564
515 36
509 106
581 565
661 565
419 414
256 99
255 148
403 183
426 559
274 555
529 1
455 147
654 413
649 361
333 228
653 559
101 414
123 121
435 100
568 414
362 146
447 228
513 360
512 183
408 148
409 389
563 229
65 229
632 148
567 590
380 184
358 459
359 174
150 413
149 445
449 184
487 173
507 389
388 415
198 99
199 182
175 564
176 445
214 331
591 182
444 59
223 445
222 312
518 490
517 209
520 173
263 182
264 146
372 423
597 99
598 209
102 460
103 490
337 479
580 59
579 210
616 313
609 59
608 313
420 228
303 106
108 174
109 145
453 105
525 360
81 360
80 445
166 210
402 147
401 235
443 183
286 147
287 36
367 173
92 145
93 490
290 565
450 415
488 181
588 331
554 106
495 313
494 48
114 312
115 590
55 58
4 360
5 460
493 555
508 209
126 564
47 228
13 414
12 332
89 183
291 183
131 555
130 331
485 228
472 479
471 174
82 460
83 58
296 559
137 590
138 459
142 59
32 461
33 313
171 338
170 445
277 331
203 559
227 460
397 49
482 414
328 312
327 148
196 146
197 414
295 331
294 565
572 173
470 479
370 413
25 174
24 121
96 184
240 182
239 106
396 313
354 445
233 1
234 49
431 559
349 313
348 459
394 182
446 106
395 49
195 174
514 479
551 312
657 389
232 361
407 389
425 229
458 445
160 146
159 361
329 479
330 490
628 173
630 235
631 181
163 413
169 146
587 423
615 184
71 184
72 183
428 36
429 99
473 331
474 48
464 331
465 564
162 559
161 564
383 105
302 360
301 147
547 145
638 564
392 389
280 415
279 445
14 235
15 361
23 48
22 565
104 173
311 565
172 490
293 59
41 100
40 479
167 332
168 555
278 49
646 147
422 490
200 423
66 461
67 146
350 590
326 174
325 148
343 361
260 184
259 361
385 423
386 564
190 555
191 1
391 415
441 361
9 181
8 254
368 146
309 106
310 210
363 146
376 181
375 490
538 184
539 415
129 59
77 461
60 210
61 1
400 147
399 461
320 254
243 173
85 148
84 414
382 146
541 389
633 49
605 100
604 338
323 145
377 229
266 413
265 360
546 415
583 415
390 415
117 121
116 100
236 145
505 36
347 479
545 555
202 331
201 445
231 389
610 183
112 360
113 459
573 415
627 210
648 184
623 338
213 148
281 312
316 210
484 210
589 414
660 338
492 148
607 228
641 332
634 173
510 415
378 565
379 173
206 209
636 210
506 183
599 254
427 58
120 181
637 49
300 145
398 460
486 147
553 121
475 331
558 361
253 106
132 182
133 100
144 121
241 331
242 490
576 413
606 229
454 331
602 229
357 361
324 99
436 312
652 389
577 148
645 59
178 445
177 338
412 1
643 564
531 331
457 332
366 332
626 423
613 48
522 209
521 445
537 590
600 145
642 146
275 559
29 415
74 106
179 59
315 312
185 36
298 462
246 559
248 462
19 36
18 413
524 105
650 183
34 555
304 445
570 413
571 1
417 48
416 173
593 254
273 148
2 559
3 360
152 49
153 121
165 148
164 48
418 413
205 312
204 331
574 413
251 564
250 479
614 58
549 235
540 173
53 565
52 555
519 555
536 209
656 99
496 59
611 106
20 338
21 145
438 100
437 36
374 559
373 338
659 414
481 331
480 58
552 49
578 461
433 99
434 184
128 228
127 229
516 148
515 445
509 361
581 565
661 147
419 361
256 331
255 564
403 184
426 210
274 490
529 182
455 559
654 228
649 565
333 184
653 415
101 210
123 100
435 423
568 479
362 461
447 415
513 389
512 361
408 173
409 462
563 338
65 415
632 146
567 389
380 555
358 36
359 173
150 209
149 209
449 461
487 414
507 445
388 559
198 331
199 183
175 389
176 590
214 173
591 331
444 210
223 312
222 105
518 182
517 338
520 414
263 462
264 99
372 174
597 338
598 555
102 181
103 184
337 413
580 210
579 360
616 49
609 105
608 48
420 414
303 100
108 229
109 389
453 459
525 1
81 479
80 210
166 559
402 460
401 565
443 389
286 147
287 106
367 36
92 360
93 462
290 565
450 312
488 590
588 559
554 184
495 36
494 181
114 146
115 48
55 183
4 99
5 564
493 565
508 413
126 555
47 58
13 423
12 147
89 559
291 229
131 106
130 590
485 590
472 183
471 479
82 99
83 413
296 490
137 564
138 235
142 331
32 174
33 147
171 331
170 100
277 1
203 1
227 559
397 254
482 229
328 99
327 145
196 338
197 148
295 173
294 228
572 360
470 445
370 460
25 1
24 59
96 121
240 148
239 462
396 36
354 121
233 459
234 174
431 555
349 423
348 479
394 490
446 555
395 415
195 145
514 254
551 312
657 332
232 414
407 209
425 99
458 389
160 173
159 173
329 209
330 58
628 183
630 36
631 389
163 1
169 415
587 106
615 360
71 460
72 182
428 1
429 413
473 100
474 414
464 490
465 462
162 338
161 229
383 331
302 415
301 121
547 182
638 490
392 389
280 312
279 99
14 121
15 460
23 462
22 36
104 312
311 184
172 209
293 462
41 462
40 146
167 414
168 48
278 173
646 490
422 105
200 36
66 146
67 564
350 559
326 184
325 147
343 313
260 209
259 183
385 106
386 338
190 590
191 49
391 181
441 564
9 559
8 445
368 462
309 461
310 121
363 338
376 99
375 58
538 49
539 173
129 564
77 49
60 121
61 559
400 48
399 1
320 229
243 254
85 332
84 228
382 49
541 414
633 361
605 459
604 415
323 1
377 146
266 99
265 58
546 147
583 415
390 479
117 462
116 145
236 59
505 389
347 459
545 146
202 462
201 49
231 445
610 235
112 590
113 99
573 332
627 414
648 48
623 58
213 36
281 228
316 173
484 148
589 229
660 479
492 361
607 312
641 174
634 389
510 183
378 423
379 106
206 555
636 254
506 1
599 331
427 1
120 479
637 459
300 461
398 461
486 254
553 331
475 413
558 461
253 182
132 590
133 173
144 99
241 462
242 564
576 105
606 121
454 210
602 148
357 100
324 460
436 48
652 313
577 1
645 479
178 147
177 312
412 173
643 462
531 559
457 338
366 121
626 312
613 413
522 415
521 559
537 460
600 148
642 565
29 414
74 184
179 184
315 414
185 147
298 1
246 254
248 312
19 182
18 360
524 121
650 479
34 461
304 459
570 360
571 105
417 49
416 235
593 445
273 182
2 361
3 173
152 7
153 462
165 565
164 229
418 70
205 210
204 459
574 459
251 460
250 332
614 276
549 479
540 360
53 146
52 49
519 182
536 332
656 288
496 48
611 57
20 216
21 415
373 183
659 360
434 216
127 48
516 229
515 361
509 360
581 70
661 106
419 360
256 70
255 49
403 462
426 215
274 228
529 228
455 254
654 565
649 228
333 459
653 415
101 460
123 331
435 229
568 145
362 59
447 184
513 58
512 1
408 415
409 389
563 360
65 48
632 244
567 56
380 36
358 210
359 332
150 590
149 209
449 146
487 490
507 183
388 338
198 215
199 338
175 48
176 146
214 181
591 145
444 414
223 49
222 181
518 147
517 338
520 235
263 183
264 174
372 360
597 7
598 105
102 423
103 338
337 393
580 245
579 332
616 313
609 210
608 313
420 181
303 216
108 244
109 215
453 360
525 413
81 216
80 460
166 59
402 360
401 49
443 7
286 389
287 174
367 332
92 56
93 216
290 174
450 415
488 228
588 173
554 145
495 105
494 146
114 182
115 106
5 106
493 332
508 59
131 361
130 48
170 534
277 70
327 173
196 245
197 173
295 332
294 57
572 338
470 360
446 181
514 276
551 147
657 57
232 6
407 148
425 313
458 462
160 6
159 245
329 445
330 209
628 181
630 56
631 460
169 59
587 462
615 461
71 148
72 555
474 423
464 313
465 145
162 490
161 106
383 228
302 228
301 216
547 338
638 389
392 181
280 174
279 360
14 215
15 338
23 216
22 100
104 244
311 361
172 6
293 288
41 555
40 216
167 148
168 6
278 244
646 423
422 184
200 56
66 312
67 276
350 1
326 184
325 479
343 360
260 564
259 565
385 6
386 105
190 564
191 445
391 7
441 460
9 105
8 360
368 106
309 56
310 209
363 461
376 461
375 59
538 148
539 58
129 216
77 555
60 590
61 145
400 313
399 215
320 99
243 479
85 313
84 145
382 6
541 490
633 182
605 361
604 174
323 413
377 459
266 361
265 1
546 229
583 423
390 361
117 590
116 555
236 461
505 105
347 490
545 183
202 229
201 245
231 313
610 414
112 56
113 121
573 209
627 36
648 459
623 415
213 36
281 183
316 423
484 423
589 209
660 181
492 331
607 361
641 36
634 215
510 479
378 414
379 121
206 1
636 184
506 210
599 590
427 48
120 235
637 148
300 106
398 338
486 393
553 414
558 423
253 147
132 36
133 555
144 209
241 389
242 534
576 59
606 105
454 361
602 182
357 210
324 6
436 7
652 415
577 413
645 490
412 313
643 393
531 462
457 490
366 288
626 338
613 48
74 230
179 490
315 445
185 555
298 460
246 445
248 559
19 45
18 173
524 460
650 245
304 413
416 56
3 45
164 44
574 146
251 99
250 58
614 361
549 99
540 106
536 230
656 414
496 70
611 360
20 393
21 313
373 389
659 99
434 50
127 413
516 312
515 181
509 105
581 229
274 134
529 136
455 313
654 134
649 360
333 121
653 44
101 106
123 45
435 134
568 459
362 208
447 45
513 189
512 6
408 105
409 36
563 564
65 181
632 413
567 135
380 393
358 331
359 184
150 147
149 208
449 269
487 387
507 229
388 564
198 182
199 70
175 415
176 288
214 70
591 230
444 462
223 490
222 208
518 183
517 57
520 555
263 423
264 230
372 590
597 276
598 338
102 208
103 313
337 312
580 59
579 423
616 235
609 208
608 57
420 183
303 559
108 555
109 44
453 182
525 229
81 312
80 228
166 360
402 145
401 360
443 57
286 555
287 288
367 59
92 393
93 210
290 229
450 235
488 45
588 208
554 312
495 423
494 276
114 134
115 146
5 36
493 393
508 272
131 28
130 6
170 105
277 136
327 44
196 189
197 276
295 230
294 445
572 332
470 147
446 210
514 590
551 564
657 559
232 338
407 99
425 461
458 462
160 148
159 272
329 414
330 254
628 51
630 148
631 460
169 331
587 254
615 57
71 445
72 564
474 332
464 479
465 183
162 360
161 121
383 1
302 331
301 59
547 51
638 564
392 361
280 332
279 100
14 331
15 70
23 181
22 135
104 56
311 181
172 534
293 208
41 230
40 393
167 414
168 228
278 121
646 338
422 189
200 181
66 462
67 57
350 564
326 272
325 228
343 445
260 148
259 58
385 136
386 276
190 28
191 36
391 462
441 184
9 7
8 182
368 184
309 393
310 148
363 28
376 181
375 135
538 49
539 462
129 49
77 135
60 490
61 415
400 313
399 189
320 184
243 106
85 216
84 414
382 564
541 230
633 48
605 99
604 135
323 360
377 209
266 148
265 209
546 70
583 389
390 50
117 254
116 145
236 461
505 559
347 135
545 276
202 460
201 183
231 48
610 208
112 462
113 445
573 189
627 28
648 51
623 28
213 254
281 121
316 135
484 490
589 393
660 361
492 387
607 313
641 48
634 230
510 100
378 244
379 230
206 338
636 100
506 331
599 288
427 423
120 387
637 254
300 276
398 105
486 58
553 57
558 235
253 6
132 45
133 230
144 414
241 228
242 228
576 7
454 181
602 210
357 228
324 189
436 189
652 413
577 332
645 361
643 184
457 45
179 181
315 6
185 134
298 360
246 70
248 387
19 235
18 590
524 210
650 560
304 146
416 121
3 560
164 78
574 272
251 469
250 503
614 189
549 28
540 208
536 313
656 210
496 105
611 88
20 245
21 469
373 258
659 148
434 182
127 565
516 312
515 258
509 46
581 210
274 59
529 1
654 136
649 134
333 414
653 254
101 6
123 100
435 174
568 100
362 267
447 184
513 389
512 559
408 216
409 331
563 36
65 209
632 559
567 288
380 346
358 369
359 238
150 413
149 38
449 136
487 535
507 423
388 267
198 550
199 106
175 121
176 393
214 147
591 276
444 445
223 413
222 6
518 59
517 38
520 184
263 216
264 369
372 257
597 70
598 44
102 257
103 414
337 415
580 590
579 346
616 258
609 415
608 445
420 331
303 216
108 267
109 238
453 389
525 208
81 39
80 258
166 70
402 59
401 590
443 210
286 210
287 276
367 121
92 106
93 423
290 393
450 189
488 155
588 106
554 46
495 75
494 215
114 228
115 276
5 332
493 216
508 44
131 479
130 462
170 238
277 79
327 210
196 36
197 245
295 51
294 105
572 145
470 235
446 268
514 550
551 238
657 182
232 389
407 105
425 312
458 78
160 99
159 135
329 534
330 267
628 254
630 208
631 38
587 174
72 338
474 100
464 46
465 244
162 215
161 59
383 269
302 257
301 338
547 346
638 216
392 155
280 51
279 479
172 39
168 331
278 269
646 173
422 387
385 216
386 88
190 50
191 147
391 58
310 6
376 603
375 184
61 560
633 267
605 36
604 229
377 415
266 154
265 182
546 550
583 45
236 78
648 183
623 258
213 28
641 462
634 229
510 51
378 49
379 479
206 6
636 88
506 78
599 490
427 361
120 147
637 345
300 469
398 460
486 44
553 244
253 229
132 174
133 413
144 56
241 88
242 210
576 44
454 313
315 155
185 565
298 244
246 174
248 345
19 346
18 257
524 156
650 58
304 462
416 267
3 459
164 283
574 423
251 289
250 184
614 456
549 58
540 181
536 216
656 209
496 106
611 331
20 413
21 62
373 456
659 173
434 106
127 535
516 136
515 504
509 479
581 276
529 332
185 413
298 79
246 184
248 459
19 1
18 230
524 211
650 393
304 272
416 78
3 459
164 534
536 46
656 146
496 384
611 78
20 217
21 105
373 36
659 146
434 70
127 183
516 387
515 75
509 461
581 439
298 151
246 155
248 272
19 215
18 186
524 58
650 345
304 173
416 75
3 292
164 44
536 283
656 58
496 440
611 314
20 46
21 58
373 63
659 331
434 282
127 479
516 384
515 534
509 460
581 534
246 387
248 78
19 276
18 415
524 62
650 186
304 216
416 238
3 230
164 490
536 48
656 344
496 136
611 269
21 254
373 346
659 535
434 228
127 49
515 384
650 338
524 314
650 62
304 63
416 44
3 209
164 560
536 288
656 182
496 183
304 462
416 50
3 184
164 534
536 283
656 189
416 38
3 183
164 229
536 421
656 210
3 415
164 58
496 174
18 247
524 331
650 560
304 49
416 121
3 389
164 230
536 312
656 603
496 245
611 254
21 282
21 289
659 151
373 76
659 208
434 63
127 183
127 445
515 209
581 146
649 270
372 410
264 262
372 75
290 216
493 134
508 262
130 459
131 7
130 305
170 95
277 462
197 79
295 12
294 105
572 54
470 58
446 64
551 156
657 640
232 139
407 267
425 125
458 550
160 27
159 590
329 98
330 48
628 612
630 414
631 49
277 462
197 146
446 24
277 95
197 42
294 174
572 459
470 415
446 461
657 640
170 535
277 245
197 268
294 285
572 126
470 535
446 89
551 468
657 601
232 594
407 238
425 73
170 89
277 308
197 124
295 187
294 48
572 192
470 596
446 312
551 121
657 89
232 288
407 229
425 216
458 63
631 4
630 136
631 230
170 189
277 47
197 272
295 624
294 43
572 184
470 468
446 322
551 64
657 182
232 603
407 369
425 145
458 564
628 217
630 305
631 490
587 346
72 107
72 99
493 75
508 110
131 550
130 155
170 331
277 365
327 95
196 139
197 62
295 269
294 154
572 98
470 217
446 146
551 94
657 268
232 332
407 45
425 345
458 49
160 238
159 62
329 361
330 334
628 39
630 269
631 276
587 479
72 612
474 460
464 262
465 411
162 182
161 415
383 180
302 344
301 560
547 411
638 42
172 6
168 147
278 88
646 564
422 56
385 230
386 601
190 244
191 124
391 135
310 369
376 564
375 45
61 79
377 48
266 216
265 262
546 31
583 181
236 182
648 555
623 364
213 38
422 49
385 98
386 1
190 95
191 332
391 182
310 312
376 365
375 124
61 40
377 136
266 658
265 14
546 360
583 40
236 238
648 601
623 14
213 268
310 346
376 59
375 612
61 423
377 535
266 502
265 216
546 502
583 100
236 244
648 30
265 48
266 624
265 145
377 26
266 7
265 594
583 565
377 369
266 414
265 342
546 344
583 26
648 612
386 228
190 41
191 452
391 23
310 261
376 27
375 94
61 73
377 342
266 99
265 262
546 39
583 269
236 313
648 235
623 285
385 228
386 64
190 245
191 76
391 468
310 36
376 106
375 156
61 147
377 432
266 73
265 209
546 41
583 479
236 624
648 245
623 254
213 445
214 365
444 548
223 423
222 261
518 59
517 244
520 75
264 262
372 313
580 369
579 57
616 48
420 423
303 27
108 44
109 121
453 459
525 228
81 110
80 122
166 181
402 146
401 48
443 502
286 624
287 534
367 564
92 30
93 387
290 228
450 361
488 78
588 146
554 462
495 312
494 56
114 565
115 217
493 364
508 58
131 459
130 7
170 45
277 338
327 267
196 365
197 624
295 305
294 564
572 365
470 452
446 122
551 30
657 415
232 332
407 535
425 282
458 535
160 361
159 559
329 217
330 305
628 387
630 338
631 58
587 361
72 344
474 389
464 107
465 51
162 110
161 622
383 225
302 565
301 97
547 1
638 468
280 7
279 62
172 268
168 245
278 56
646 187
422 308
385 503
386 504
190 346
191 58
391 31
310 30
376 387
375 187
61 387
633 36
605 424
604 63
377 332
266 459
265 462
546 229
583 217
236 155
648 245
623 94
213 59
641 136
206 88
636 154
506 387
636 207
506 207
447 209
513 30
512 389
408 49
409 312
65 550
632 38
567 560
380 534
358 445
359 414
150 559
149 181
449 226
487 387
507 148
388 146
198 59
199 208
175 39
176 39
214 226
591 1
444 73
223 535
222 590
518 270
517 229
520 267
263 48
264 414
372 272
597 121
598 413
102 624
103 122
337 490
580 148
579 445
616 393
609 28
608 282
420 182
303 346
108 78
109 307
453 276
525 469
81 95
80 272
166 145
402 238
401 622
443 156
286 550
287 63
367 6
92 146
93 445
290 28
450 209
488 603
588 288
554 75
495 216
494 344
114 245
115 503
5 308
493 57
508 180
131 424
130 94
170 46
277 229
327 230
196 38
197 156
295 1
294 268
572 423
470 548
446 346
551 235
657 182
232 183
407 181
425 445
458 210
160 189
159 7
329 100
330 308
628 393
630 36
631 257
587 39
72 313
474 590
464 461
465 147
162 270
161 57
383 534
302 230
301 105
547 490
638 59
392 183
280 210
279 360
172 145
168 534
278 590
646 307
422 217
385 414
386 413
190 460
191 44
391 56
310 331
376 145
375 590
61 312
633 393
605 38
604 282
377 361
266 226
265 393
546 565
583 94
236 414
648 622
623 73
213 414
641 272
634 468
510 59
378 308
379 73
206 57
636 361
506 187
637 332
123 534
435 229
568 88
362 555
447 154
513 210
512 121
408 44
409 189
563 76
65 181
632 148
567 283
380 44
358 469
359 413
150 235
149 145
449 31
487 559
507 106
388 188
198 56
199 257
175 135
176 154
214 413
591 57
444 45
223 183
222 122
518 75
517 555
520 209
263 94
264 48
372 462
597 70
598 145
102 393
103 369
337 414
580 39
579 459
616 30
609 332
608 106
420 62
303 215
108 189
109 148
453 121
525 136
81 217
80 28
166 39
402 57
401 590
443 424
286 208
287 88
367 590
92 360
93 555
290 283
450 267
488 44
588 283
554 145
495 48
494 559
114 7
115 70
5 414
493 122
508 148
131 565
130 78
170 338
277 331
327 276
196 7
197 560
295 413
294 208
572 338
470 106
446 46
551 460
657 346
232 216
407 148
425 445
458 387
160 268
159 156
329 245
330 313
628 564
630 622
631 272
587 188
72 414
474 461
464 50
465 99
162 30
161 78
383 360
302 76
301 59
547 459
638 105
392 28
280 30
279 51
172 216
168 216
278 134
646 346
422 49
385 183
386 590
190 269
191 95
391 210
310 155
376 346
375 215
61 122
633 258
605 106
604 187
377 282
266 38
265 6
546 230
583 424
236 504
648 76
623 423
213 244
641 535
634 460
510 75
378 182
379 44
206 181
636 270
506 360
637 217
300 459
398 461
486 154
553 216
486 180
486 445
553 270
576 38
652 147
179 332
315 38
185 559
298 45
246 45
248 460
19 184
18 228
524 229
650 99
304 134
416 136
3 208
164 174
574 50
251 230
250 73
614 46
549 603
540 173
536 490
656 469
496 559
611 184
20 445
21 269
373 331
659 555
434 272
127 73
516 590
515 146
509 36
581 414
274 312
529 51
455 559
654 145
649 590
333 312
653 189
101 369
123 360
435 535
568 288
362 56
447 121
513 590
512 460
408 559
409 184
563 338
65 38
632 389
567 78
380 590
358 479
359 216
150 209
149 338
449 59
487 63
507 147
388 555
198 78
199 147
175 208
176 209
214 269
591 389
444 535
223 423
222 38
518 244
517 276
520 331
263 70
264 413
372 135
597 393
598 415
102 189
103 245
337 559
580 209
579 535
616 59
609 36
608 136
420 73
303 56
108 469
109 7
453 254
525 136
81 50
80 312
166 184
402 62
401 360
443 469
286 462
287 121
367 146
92 121
93 216
290 229
450 78
488 229
588 393
554 461
495 229
494 415
114 45
115 1
5 183
493 235
508 423
131 564
130 44
170 99
277 331
327 58
196 423
197 560
295 105
294 105
572 78
470 182
446 267
514 57
551 58
657 361
232 174
407 414
425 57
458 216
160 46
159 46
329 36
330 78
628 36
630 423
631 45
587 57
72 415
474 535
464 387
465 312
162 209
161 216
383 338
302 369
301 99
547 414
638 174
392 57
280 235
279 7
104 332
311 182
172 63
168 189
278 99
646 39
422 459
385 504
386 461
190 414
191 423
391 48
310 146
376 393
375 414
61 39
633 338
605 503
604 267
377 564
266 564
265 338
546 99
583 313
236 559
648 387
623 229
213 415
281 387
316 229
589 1
660 36
492 387
607 135
641 393
634 39
510 565
378 590
379 460
206 173
636 313
506 490
599 154
427 189
120 51
637 6
300 173
398 145
486 414
553 6
253 369
132 51
133 288
144 39
241 78
242 267
576 603
454 504
436 235
652 182
179 269
315 209
185 230
298 146
246 121
248 361
19 244
18 146
524 57
650 189
304 423
416 565
3 56
164 45
574 603
251 490
250 58
614 6
549 28
540 6
536 332
656 534
496 245
611 590
20 423
21 313
373 145
659 276
434 445
127 360
516 268
515 413
509 174
581 63
274 460
529 189
455 210
654 387
649 38
333 235
653 134
101 182
123 269
435 313
568 590
362 216
447 147
513 413
512 38
408 174
409 228
563 70
65 182
632 389
567 331
380 6
358 268
359 268
150 230
149 360
449 360
487 100
507 565
388 99
198 50
199 332
175 276
176 184
214 423
591 100
444 288
223 181
222 244
518 145
517 106
520 45
263 360
264 332
372 413
597 313
598 276
102 135
103 361
337 415
580 229
579 56
616 389
609 105
608 534
420 57
303 559
108 603
109 36
453 338
525 174
81 173
80 135
166 59
402 36
401 565
443 414
286 189
287 462
367 209
92 50
93 393
290 134
450 106
488 338
588 173
554 183
495 479
494 490
114 50
115 462
5 146
493 413
508 555
131 51
130 44
170 38
277 63
327 423
196 182
197 565
295 276
294 209
572 121
470 393
446 228
514 387
551 70
657 423
232 288
407 146
425 39
458 45
160 51
159 331
329 189
330 267
628 590
630 312
631 534
587 28
72 229
474 181
464 228
465 216
162 555
161 276
383 393
302 461
301 136
547 313
638 1
392 369
280 63
279 423
104 189
311 48
172 48
168 145
278 229
646 100
422 245
385 229
386 230
190 63
191 564
391 413
310 590
376 174
375 39
77 369
60 503
61 565
400 73
399 288
320 559
243 590
85 146
84 555
382 7
541 28
633 559
605 603
604 387
323 145
377 136
266 445
265 58
546 189
583 559
236 28
648 564
623 121
213 184
281 460
316 361
589 360
660 50
492 445
607 58
641 269
634 49
510 459
378 459
379 46
206 479
636 413
506 49
599 147
427 39
120 148
637 99
300 121
398 269
486 57
553 272
253 210
132 173
133 235
144 210
241 503
242 48
576 183
454 564
357 121
436 338
652 272
577 181
645 235
643 361
643 50
457 276
74 99
179 460
315 36
185 105
298 313
246 36
248 414
19 182
18 184
524 210
650 415
34 564
304 389
570 209
571 209
417 1
416 564
593 216
273 145
2 184
3 331
152 564
153 182
165 181
164 209
418 332
205 245
204 235
574 559
251 210
250 148
614 48
549 209
540 590
53 105
52 56
519 6
536 565
656 56
496 423
611 105
20 173
21 459
373 49
659 559
434 288
127 361
516 423
515 210
509 360
581 28
661 360
419 57
256 413
255 99
403 245
426 331
274 184
529 209
455 490
654 99
649 276
333 59
653 28
101 106
123 147
435 105
568 184
362 361
447 216
513 121
512 313
408 105
409 148
563 70
65 182
632 145
567 216
380 146
358 331
359 276
150 57
149 313
449 559
487 181
507 312
388 48
198 245
199 534
175 244
176 228
214 99
591 146
444 146
223 209
222 235
518 215
517 332
520 331
263 244
264 360
372 413
597 244
598 106
102 59
103 6
337 288
580 235
579 389
616 6
609 48
608 181
420 564
303 182
108 209
109 393
453 136
525 100
81 415
80 244
166 423
402 490
401 244
443 313
286 229
287 216
367 423
92 245
93 332
290 534
450 389
488 7
588 244
554 59
495 555
494 36
114 534
115 338
5 49
493 413
508 216
131 105
130 393
170 393
277 183
327 254
196 210
197 338
295 216
294 288
572 332
470 182
446 209
514 555
551 459
657 228
232 148
407 1
425 121
458 148
160 48
159 36
329 313
330 215
628 173
630 490
631 174
169 209
587 229
615 210
71 413
72 393
474 36
464 57
465 58
162 49
161 228
383 174
302 534
301 590
547 106
638 414
392 229
280 58
279 245
14 49
15 146
23 361
22 244
104 181
311 36
172 393
293 559
41 312
40 361
167 559
168 461
278 229
646 414
422 148
200 312
66 36
67 338
350 590
326 105
325 49
343 181
260 215
259 182
385 7
386 415
190 288
191 100
391 228
441 460
9 590
8 423
368 332
309 183
310 136
363 210
376 559
375 555
538 209
539 564
129 145
77 49
60 210
61 49
400 479
399 100
320 534
243 235
85 331
84 459
382 58
541 313
633 136
605 461
604 49
323 313
377 58
266 59
265 181
546 148
583 312
390 393
117 1
116 216
236 423
505 1
347 254
545 49
202 58
201 145
231 99
610 490
112 57
113 312
573 6
627 209
648 106
623 147
213 244
281 182
316 136
484 121
589 445
660 460
492 106
607 312
641 413
634 146
510 565
378 174
379 181
206 1
636 245
506 6
599 184
427 389
120 460
637 415
300 1
398 173
486 173
553 146
558 174
253 423
132 590
133 462
144 564
241 479
242 555
576 462
606 105
454 332
602 254
357 415
324 415
436 105
652 254
577 313
645 415
643 145
457 590
626 56
521 57
29 423
74 332
179 460
315 338
185 183
298 288
246 445
248 313
19 332
18 564
524 106
650 183
34 216
304 181
570 56
571 146
417 423
416 313
593 36
273 99
2 99
3 56
152 49
153 183
165 210
164 229
418 146
205 145
204 555
574 312
251 58
250 414
614 414
549 1
540 99
53 148
52 360
519 461
536 228
656 145
496 147
611 56
20 99
21 106
373 338
659 235
434 360
127 332
516 1
515 313
509 565
581 100
661 590
419 331
256 56
255 58
403 244
426 235
274 48
529 288
455 58
654 100
649 59
333 184
653 559
101 423
123 146
435 235
568 254
362 414
447 312
513 313
512 181
408 182
409 184
563 490
65 313
632 235
567 58
380 148
358 331
359 215
150 56
149 332
449 228
487 245
507 338
388 461
198 181
199 393
175 590
176 389
214 590
591 181
444 1
223 183
222 229
518 145
517 244
520 312
263 216
264 559
372 145
597 174
598 555
102 254
103 254
337 479
580 445
579 183
616 461
609 559
608 479
420 174
303 148
108 100
109 244
453 59
525 229
81 244
80 121
166 99
402 559
401 184
443 360
286 99
287 183
367 462
92 56
93 174
290 490
450 459
488 393
588 100
554 100
495 148
494 59
114 459
115 121
55 173
4 559
5 121
493 332
508 413
126 99
47 276
13 58
12 254
89 106
291 106
131 106
130 121
485 48
472 228
471 147
82 106
83 58
296 276
137 174
138 106
142 244
32 565
33 229
171 445
170 147
277 460
203 331
227 56
397 58
482 312
328 105
327 181
196 146
197 312
295 1
294 105
572 413
470 36
370 235
25 423
24 461
96 460
240 184
239 276
396 48
354 288
233 490
234 361
431 100
349 332
348 99
394 565
446 209
395 361
195 210
514 360
551 490
657 461
232 423
407 564
425 590
458 146
160 389
159 59
329 181
330 216
628 423
630 459
631 148
163 235
169 49
587 121
615 462
71 413
72 393
428 228
429 105
473 490
474 49
464 312
465 445
162 461
161 590
383 106
302 461
301 338
547 312
638 313
392 173
280 36
279 1
14 462
15 147
23 145
22 414
104 276
311 1
172 559
293 332
41 413
40 148
167 215
168 276
278 313
646 331
422 415
200 216
66 460
67 145
350 244
326 181
325 254
343 245
260 415
259 360
385 331
386 414
190 590
191 462
391 210
441 235
9 106
8 414
368 460
309 254
310 564
363 174
376 276
375 389
538 423
539 459
129 121
77 228
60 146
61 565
400 445
399 173
320 479
243 361
85 147
84 36
382 215
541 229
633 460
605 215
604 235
323 209
377 276
266 106
265 590
546 182
583 413
390 393
117 215
116 209
236 313
505 559
347 99
545 99
202 148
201 415
231 331
610 565
112 312
113 445
573 254
627 360
648 229
623 564
213 312
281 121
316 105
484 462
589 210
660 312
492 146
607 276
641 105
634 121
510 461
378 184
379 184
206 360
636 228
506 288
599 332
427 555
120 461
637 174
300 145
398 564
486 173
553 360
558 460
253 148
132 183
133 121
144 181
241 389
242 245
576 147
606 105
454 338
602 288
357 459
324 445
436 288
652 121
577 145
645 413
412 148
643 106
531 215
457 414
366 216
626 106
613 555
522 36
521 49
29 99
74 245
179 183
315 361
185 338
298 146
246 461
248 36
19 145
18 254
524 245
650 244
34 146
304 461
570 254
571 590
417 361
416 59
593 413
273 490
2 360
3 121
152 209
153 312
165 245
164 245
418 183
205 245
204 210
574 183
251 184
250 229
614 184
549 559
540 590
53 389
52 389
519 210
536 174
656 361
496 173
611 479
20 183
21 148
373 460
659 276
434 209
127 229
516 49
515 276
509 148
581 174
661 244
419 564
256 459
255 462
403 182
426 331
274 245
529 331
455 244
654 490
649 148
333 415
653 445
101 59
123 58
435 100
568 331
362 360
447 312
513 184
512 148
408 100
409 99
563 145
65 1
632 338
567 148
380 459
358 312
359 49
150 564
149 313
449 183
487 479
507 564
388 460
198 393
199 490
175 490
176 413
214 313
591 210
444 210
223 245
222 48
518 210
517 313
520 288
263 146
264 360
372 479
597 312
598 145
102 245
103 459
337 210
580 100
579 100
616 182
609 105
608 244
420 413
303 100
108 332
109 415
453 254
525 254
81 105
80 565
166 174
402 555
401 423
443 361
286 414
287 182
367 460
92 146
93 332
290 106
450 147
488 590
588 106
554 276
495 254
494 48
114 174
115 415
55 459
4 360
5 415
493 1
508 313
126 1
47 59
13 415
12 415
89 48
291 331
131 559
130 338
485 445
472 244
471 361
82 331
83 393
296 459
137 389
138 59
142 1
32 245
33 423
171 184
170 564
277 415
203 182
227 445
397 106
482 559
328 331
327 490
196 462
197 462
295 174
294 565
572 360
470 460
370 121
25 182
24 147
96 461
240 555
239 590
396 461
354 121
233 459
234 174
431 332
349 228
348 393
394 332
446 49
395 389
195 288
514 564
551 59
657 145
232 147
407 462
425 459
458 36
160 105
159 414
329 413
330 393
628 145
630 182
631 414
163 389
169 393
587 461
615 1
71 564
72 288
428 254
429 58
473 48
474 235
464 229
465 462
162 479
161 182
383 564
302 413
301 99
547 332
638 244
392 338
280 462
279 555
14 288
15 555
23 389
22 460
104 209
311 413
172 559
293 338
41 331
40 460
167 331
168 559
278 147
646 413
422 173
200 58
66 99
67 59
350 423
326 174
325 564
343 461
260 564
259 423
385 460
386 559
190 174
191 244
391 229
441 445
9 183
8 49
368 99
309 36
310 332
363 288
376 276
375 181
538 590
539 59
129 459
77 1
60 36
61 100
400 121
399 245
320 184
243 100
85 393
84 48
382 209
541 148
633 121
605 1
604 360
323 254
377 490
266 183
265 183
546 414
583 147
390 413
117 181
116 490
236 105
505 244
347 559
545 48
202 235
201 173
231 462
610 288
112 105
113 49
573 106
627 244
648 59
623 1
213 58
281 590
316 228
484 479
589 146
660 1
492 331
607 106
641 338
634 361
510 361
378 210
379 182
206 393
636 445
506 100
599 590
427 415
120 48
637 147
300 106
398 461
486 312
553 49
558 462
253 360
132 121
133 146
144 174
241 331
242 564
576 244
606 48
454 58
602 59
357 312
324 229
436 415
652 360
577 1
645 148
412 229
643 555
531 145
457 244
366 209
626 210
613 174
522 254
521 106
537 479
29 312
74 235
179 490
315 184
185 173
298 332
246 313
248 209
19 461
18 313
524 1
650 183
34 413
304 174
570 555
571 389
417 58
416 479
593 36
273 1
2 312
3 276
152 174
153 479
165 105
164 254
418 235
205 490
204 148
574 490
251 332
250 490
614 276
549 235
540 209
53 479
52 564
519 1
536 555
656 254
496 235
611 415
20 59
21 479
373 414
659 312
480 564
552 590
578 1
433 479
434 147
128 100
127 462
516 332
515 361
509 332
581 36
661 49
419 360
256 99
255 461
403 106
426 423
274 48
529 312
455 182
654 99
649 254
333 313
653 99
101 555
123 254
435 181
568 105
362 235
447 100
513 146
512 254
408 99
409 331
563 1
65 423
632 312
567 389
380 462
358 461
359 490
150 58
149 48
449 559
487 235
507 360
388 389
198 174
199 49
175 564
176 58
214 555
591 229
444 148
223 100
222 415
518 413
517 184
520 145
263 181
264 106
372 423
597 331
598 564
102 461
103 361
337 590
580 564
579 254
616 254
609 313
608 312
420 228
303 209
108 173
109 229
453 58
525 479
81 209
80 559
166 460
402 106
401 228
443 559
286 48
287 564
367 100
92 146
93 490
290 393
450 174
488 183
588 445
554 121
495 312
494 146
114 389
115 338
55 209
4 413
5 313
493 393
508 209
126 148
47 181
13 36
12 564
89 462
291 1
131 36
130 414
485 145
472 462
471 332
82 389
83 462
296 555
137 331
138 312
142 338
32 360
33 423
171 58
170 490
277 36
203 479
227 99
397 590
482 393
328 460
327 58
196 415
197 121
295 564
294 360
572 460
470 49
370 106
25 99
24 413
96 459
240 58
239 235
396 459
354 312
233 413
234 173
431 564
349 174
348 228
394 565
446 105
395 276
195 145
514 145
551 235
657 174
232 332
407 145
425 173
458 590
160 331
159 48
329 393
330 48
628 361
630 49
631 181
163 48
169 415
587 479
615 210
71 228
72 210
428 490
429 393
473 423
474 338
464 148
465 276
162 209
161 415
383 461
302 338
301 254
547 490
638 413
392 445
280 462
279 413
14 183
15 229
23 338
22 210
104 276
311 490
172 331
293 332
41 184
40 210
167 461
168 360
278 332
646 393
422 389
200 181
66 413
67 312
350 490
326 181
325 105
343 36
260 174
259 229
385 1
386 183
190 462
191 106
391 460
441 58
9 361
8 414
368 99
309 228
310 173
363 100
376 389
375 414
538 462
539 184
129 147
77 460
60 121
61 99
400 415
399 461
320 490
243 59
85 183
84 590
382 148
541 48
633 36
605 209
604 331
323 490
377 183
266 276
265 559
546 460
583 99
390 184
117 181
116 183
236 559
505 460
347 460
545 48
202 313
201 313
231 459
610 182
112 479
113 99
573 459
627 210
648 59
623 147
213 360
281 423
316 148
484 312
589 99
660 48
492 58
607 415
641 423
634 228
510 414
378 313
379 183
206 360
636 313
506 209
599 146
427 389
120 182
637 36
300 173
398 148
486 479
553 393
475 184
558 229
253 590
132 235
133 565
144 183
241 235
242 229
576 479
606 105
454 182
602 331
357 360
324 312
436 415
652 393
577 413
645 479
412 490
643 462
531 36
457 183
366 459
626 332
613 184
522 174
521 332
537 48
600 209
647 361
275 100
29 331
74 564
179 564
289 565
456 590
314 228
315 182
87 559
86 48
448 106
292 121
212 184
211 184
440 559
439 312
384 59
151 590
186 459
185 360
299 332
298 59
353 182
247 210
246 183
544 360
249 229
248 147
19 389
18 338
421 145
523 413
524 173
650 414
35 105
34 184
304 146
570 174
571 565
417 100
416 460
593 210
273 105
2 145
3 228
152 174
153 228
165 331
164 148
418 173
205 48
204 100
574 423
251 235
250 121
614 145
549 479
540 105
53 105
52 413
519 312
536 413
656 184
497 48
496 389
611 389
20 479
21 235
438 360
437 564
374 183
373 313
659 145
481 590
480 145
552 210
578 229
433 183
434 209
128 413
127 313
516 413
515 228
509 361
581 49
661 423
419 565
256 590
255 1
403 58
426 229
274 1
529 145
455 559
654 58
542 338
649 313
333 36
653 182
101 312
123 461
435 1
568 59
362 389
447 105
513 312
512 228
408 564
409 145
563 331
65 565
632 183
567 229
380 49
358 146
359 564
150 228
149 555
449 331
487 361
507 254
388 183
198 1
199 564
175 183
176 460
214 183
591 389
444 312
223 49
222 148
518 389
517 565
520 121
263 360
264 479
372 184
597 460
598 146
102 389
103 490
337 145
580 459
579 105
616 338
609 148
608 99
420 58
303 210
108 36
109 148
453 99
525 173
81 121
80 100
166 590
402 174
401 59
443 565
286 414
287 459
367 331
92 105
93 36
290 590
450 479
488 183
588 147
554 331
495 555
494 58
114 590
115 148
55 147
4 147
5 555
493 590
508 423
126 423
47 490
13 1
12 559
89 331
291 479
131 181
130 254
485 58
472 106
471 564
82 148
83 106
296 414
137 235
138 590
142 254
32 182
33 413
171 48
170 100
277 100
203 361
227 312
397 209
482 555
328 564
327 48
196 174
197 228
295 147
294 413
572 460
470 100
370 313
25 459
24 145
96 145
240 146
239 332
396 209
354 48
233 479
234 173
431 182
349 99
348 105
394 182
446 183
395 174
195 415
514 209
551 121
657 184
232 313
407 184
425 564
458 183
160 183
159 461
329 338
330 414
628 313
630 565
631 461
163 312
169 479
587 105
615 209
71 99
72 105
428 100
429 146
473 389
474 1
464 415
465 147
162 100
161 1
383 460
302 229
301 48
547 555
638 555
392 389
280 235
279 106
14 229
15 36
23 100
22 414
104 181
311 479
172 559
293 105
41 48
40 146
167 565
168 1
278 331
646 182
422 174
200 389
66 332
67 229
350 36
326 338
325 254
343 147
260 1
259 36
385 461
386 490
190 1
191 182
391 121
441 1
9 58
8 332
368 181
309 461
310 181
363 99
376 389
375 555
538 229
539 228
129 331
77 182
60 254
61 564
400 48
399 338
320 415
243 59
85 235
84 414
382 209
541 173
633 414
605 210
604 181
323 106
377 182
266 58
265 313
546 414
583 235
390 389
117 332
116 106
236 1
505 414
347 565
545 254
202 229
201 313
231 459
610 361
112 459
113 49
573 121
627 479
648 106
623 100
213 228
281 147
316 181
484 389
589 461
660 415
492 414
607 106
641 254
634 555
510 100
378 338
379 313
206 58
636 559
506 415
599 147
427 209
120 49
637 228
300 459
398 423
486 254
553 145
475 479
558 173
253 100
132 461
133 49
144 361
241 148
242 48
576 559
606 338
454 49
602 490
357 36
324 148
436 210
652 559
577 36
645 461
178 423
177 564
412 1
643 182
531 173
457 415
366 460
626 565
613 174
522 182
521 58
537 59
600 413
642 121
543 100
647 559
275 555
29 1
74 555
179 423
289 173
456 338
314 100
315 59
87 148
86 121
448 173
292 49
212 173
211 99
440 121
439 148
384 174
151 338
186 210
185 461
299 48
298 423
353 559
247 313
246 182
544 479
249 565
248 461
19 479
18 313
421 145
523 254
524 235
650 361
35 559
34 182
304 414
570 99
571 59
417 565
416 590
593 459
273 1
2 184
3 184
152 564
153 105
165 49
164 181
418 254
205 559
204 147
574 1
251 147
250 331
614 460
549 147
540 423
53 210
52 148
519 313
536 105
656 459
497 565
496 559
611 555
20 121
21 590
438 460
437 228
374 99
373 59
659 332
481 184
480 148
552 555
578 413
433 479
434 174
128 413
127 58
516 58
515 459
509 209
581 182
661 254
419 559
256 183
255 590
403 147
426 121
274 181
529 590
455 173
654 331
542 414
649 361
333 145
653 361
101 36
123 331
435 48
568 173
362 361
447 461
513 459
512 312
408 312
409 228
563 121
65 413
632 121
567 48
380 100
358 1
359 459
150 555
149 173
449 361
487 183
507 48
388 99
198 48
199 235
175 235
176 36
214 1
591 228
444 312
223 106
222 184
518 121
517 565
520 461
263 183
264 184
372 184
597 147
598 59
102 121
103 423
337 48
580 59
579 414
616 148
609 121
608 559
420 360
303 228
108 121
109 99
453 414
525 254
81 209
80 313
166 58
402 121
401 228
443 100
286 479
287 413
367 105
92 209
93 490
290 148
450 1
488 182
588 174
554 414
495 121
494 564
114 59
115 49
55 312
4 105
5 414
493 121
508 559
126 313
47 415
13 459
12 565
89 254
291 413
131 479
130 415
485 228
472 49
471 183
82 360
83 360
296 49
137 106
138 313
142 1
32 210
33 184
171 459
170 36
277 254
203 174
227 121
397 338
482 479
328 48
327 338
196 559
197 414
295 414
294 235
572 423
470 100
370 181
25 100
24 174
96 414
240 48
239 121
396 490
354 181
233 147
234 254
431 184
349 565
348 100
394 228
446 59
395 36
195 361
514 361
551 49
657 121
232 1
407 254
425 228
458 121
160 209
159 332
329 559
330 312
628 173
630 460
631 312
163 105
169 106
587 460
615 414
71 490
72 210
428 331
429 145
473 254
474 59
464 413
465 99
162 148
161 100
383 338
302 559
301 182
547 99
638 360
392 461
280 182
279 254
14 479
15 564
23 173
22 183
104 254
311 146
172 48
293 145
41 555
40 99
167 182
168 338
278 146
646 313
422 100
200 59
66 490
67 121
350 490
326 181
325 332
343 1
260 361
259 182
385 182
386 360
190 331
191 235
391 565
441 490
9 174
8 182
368 36
309 360
310 209
363 590
376 99
375 49
538 555
539 121
129 590
77 423
60 331
61 209
400 415
399 146
320 565
243 49
85 147
84 174
382 565
541 182
633 210
605 312
604 48
323 58
377 99
266 479
265 1
546 146
583 559
390 360
117 590
116 559
236 555
505 146
347 254
545 184
202 59
201 48
231 105
610 235
112 590
113 590
573 332
627 121
648 414
623 459
213 49
281 105
316 565
484 59
589 99
660 361
492 228
607 48
641 235
634 49
510 228
378 555
379 36
206 564
636 184
430 173
506 235
599 565
427 461
120 413
637 146
300 173
398 106
486 181
553 228
475 146
558 235
253 338
132 460
133 121
144 590
241 565
242 48
576 490
606 209
454 210
602 106
357 210
324 121
436 146
652 48
577 36
645 312
178 182
177 415
412 100
643 423
531 105
457 174
366 415
626 415
613 148
522 36
521 313
537 235
600 210
642 565
543 182
405 423
647 361
275 414
29 58
74 105
179 147
289 590
456 235
314 565
315 106
87 146
86 147
448 332
292 100
212 58
211 106
440 460
439 413
384 459
151 173
186 414
185 49
299 59
298 460
353 490
247 413
246 459
544 332
249 36
248 312
19 147
18 590
421 181
523 479
524 49
650 105
35 184
34 590
304 490
570 210
571 312
417 415
416 49
593 145
273 313
2 58
3 228
152 100
153 1
165 99
164 147
418 1
205 148
204 479
574 106
251 559
250 58
614 559
549 106
540 49
53 360
52 1
519 58
536 235
656 147
497 146
496 415
611 174
20 145
21 332
438 182
437 100
374 59
373 312
659 361
481 590
480 331
552 479
578 414
433 590
434 181
128 182
127 49
516 183
515 361
509 338
581 332
661 145
419 182
256 182
255 590
403 361
426 423
274 147
529 559
455 555
654 209
542 235
649 413
333 181
653 100
101 331
123 145
435 235
568 423
362 479
447 461
513 460
512 360
408 183
409 460
563 565
65 1
632 209
567 564
380 254
358 181
359 173
150 106
149 590
449 147
487 49
507 331
388 414
198 145
199 490
175 338
176 48
214 338
591 48
444 209
223 423
222 105
518 460
517 565
520 146
263 181
264 590
372 36
597 338
598 182
102 148
103 414
337 361
580 36
579 254
616 58
609 210
608 414
420 361
303 182
108 59
109 460
453 459
525 148
81 146
80 423
166 184
402 184
401 210
443 182
286 48
287 146
367 313
92 331
93 49
290 461
450 184
488 58
588 58
554 184
495 415
494 331
114 564
115 59
55 1
4 49
5 360
493 58
508 58
126 105
47 313
13 590
12 1
89 338
291 559
131 338
130 460
485 48
472 148
471 490
82 58
83 209
296 148
137 48
138 36
142 49
32 331
33 105
171 36
170 312
277 173
203 148
227 58
397 99
482 145
328 145
327 338
196 565
197 590
295 58
294 459
572 559
470 106
370 184
25 99
24 312
96 147
240 461
239 590
396 58
354 209
233 1
234 490
431 145
349 59
348 209
394 183
446 1
395 555
195 413
514 361
551 210
657 254
232 49
407 146
425 360
458 1
160 490
159 338
329 312
330 331
628 555
630 174
631 100
163 415
169 174
587 59
615 565
71 49
72 461
428 414
429 147
473 58
474 100
464 415
465 360
162 460
161 413
383 145
302 48
301 184
547 459
638 146
392 313
280 59
279 105
14 559
15 181
23 174
22 360
104 564
311 58
172 312
293 313
41 461
40 228
167 228
168 173
278 235
646 460
422 145
200 360
66 147
67 183
350 413
326 48
325 313
343 460
260 184
259 209
385 460
386 59
190 36
191 479
391 312
441 460
9 58
8 490
368 147
309 423
310 183
363 332
376 338
375 423
538 312
539 414
129 106
77 183
60 209
61 58
400 459
399 254
320 331
243 423
85 182
84 181
382 106
541 58
633 99
605 312
604 182
323 145
377 184
266 590
265 58
546 565
583 414
390 183
117 148
116 332
236 99
505 228
347 105
545 173
202 146
201 555
231 460
610 460
112 228
113 148
573 555
627 99
648 49
623 105
213 313
281 564
316 460
484 559
589 58
660 58
492 49
607 145
641 173
634 48
510 361
378 559
379 235
206 415
636 559
430 414
506 235
599 210
427 564
120 209
637 338
300 459
584 36
16 254
17 459
398 361
486 331
553 461
475 415
558 414
253 183
132 105
133 479
144 460
241 414
242 58
576 415
606 559
454 210
602 59
357 148
324 590
436 254
652 58
577 490
645 210
178 564
177 312
412 184
643 559
531 99
457 1
366 564
626 228
613 479
522 338
521 479
537 106
600 210
642 181
543 48
405 254
341 105
625 58
647 235
275 99
29 100
74 312
179 235
289 209
456 145
314 148
315 459
87 146
86 228
448 460
292 148
212 99
211 461
440 184
439 183
384 459
151 414
186 184
185 459
299 209
298 254
353 181
247 331
246 564
544 413
249 559
248 361
19 423
18 413
421 182
523 254
524 413
650 99
35 59
34 146
304 559
570 338
571 106
417 312
416 48
593 565
273 479
2 459
3 559
152 361
153 479
165 49
164 590
418 479
205 48
204 312
574 147
251 1
250 49
614 174
549 555
540 479
53 209
52 210
519 459
536 36
656 555
497 254
496 106
611 565
20 36
21 145
438 182
437 48
374 100
373 461
659 174
481 36
480 564
552 590
578 361
433 145
434 99
128 235
127 146
516 590
515 100
509 36
581 174
661 209
419 174
256 565
255 106
403 210
426 183
274 415
529 173
455 100
654 59
542 415
649 479
333 414
653 146
101 48
123 461
435 415
568 106
362 210
447 479
513 48
512 490
408 228
409 173
563 105
65 490
632 565
567 145
380 423
358 415
359 49
150 254
149 590
449 360
487 49
507 235
388 590
198 331
199 59
175 146
176 148
214 414
591 184
444 228
223 590
222 148
518 209
517 332
520 99
263 460
264 235
372 461
597 184
598 49
102 210
103 490
337 461
580 331
579 210
616 235
609 173
608 413
420 174
303 145
108 312
109 59
453 360
525 360
81 145
80 183
166 459
402 182
401 100
443 36
286 147
287 361
367 49
92 148
93 490
290 148
450 555
488 228
588 1
554 36
495 145
494 210
114 338
115 99
55 59
4 100
5 174
493 460
508 105
126 590
47 228
13 146
12 184
89 490
291 559
131 146
130 461
485 313
472 148
471 173
82 590
83 48
296 36
137 338
138 565
142 338
32 423
33 559
171 49
170 479
277 313
203 413
227 460
397 49
482 209
328 183
327 49
196 59
197 1
295 145
294 59
572 210
470 36
370 146
25 106
24 331
96 174
240 49
239 479
396 461
354 460
233 99
234 460
431 36
349 423
348 235
394 209
446 235
395 183
195 423
514 174
551 36
657 460
232 414
407 100
425 209
458 209
160 181
159 461
329 332
330 361
628 413
630 59
631 235
163 48
169 49
587 413
615 145
71 181
72 361
428 490
429 479
473 182
474 461
464 590
465 312
162 565
161 48
383 182
302 174
301 99
547 565
638 414
392 181
280 184
279 105
14 423
15 332
23 146
22 332
104 555
311 254
172 148
293 235
41 479
40 312
167 565
168 145
278 338
646 564
422 174
200 145
66 415
67 338
350 313
326 460
325 423
343 332
260 313
259 414
385 99
386 423
190 174
191 209
391 338
441 590
9 36
8 559
368 332
309 423
310 48
363 228
376 184
375 423
538 59
539 313
129 338
77 146
60 146
61 146
400 59
399 99
320 415
243 413
85 313
84 49
382 105
541 181
633 565
605 210
604 313
323 254
377 49
266 235
265 313
546 105
583 423
390 147
117 99
116 228
236 254
505 312
347 479
545 413
202 147
201 209
231 313
610 100
112 461
113 461
573 1
627 209
648 99
623 106
213 423
281 312
316 564
484 254
589 414
660 184
492 183
607 184
641 338
634 564
510 332
378 459
379 360
206 105
636 555
430 564
506 459
599 59
427 313
120 564
637 209
300 490
584 235
16 173
17 174
398 559
486 490
553 145
475 559
558 183
253 254
132 48
133 361
144 173
241 59
242 490
576 313
606 414
454 360
602 173
357 332
324 49
436 59
652 145
577 183
645 36
178 460
177 146
412 565
643 235
531 331
457 173
366 479
626 228
613 48
522 459
521 361
537 173
600 423
642 184
543 210
405 459
341 555
625 415
489 48
647 174
275 105
29 146
74 331
179 105
289 415
456 313
314 414
315 106
87 312
86 105
448 147
292 182
212 181
211 414
440 565
439 48
384 183
151 184
186 313
185 312
299 564
298 210
353 182
247 146
246 173
544 590
249 331
248 413
19 147
18 183
421 338
523 183
524 313
650 146
35 173
34 146
304 184
570 146
571 414
417 183
416 332
593 565
273 49
2 313
3 182
152 100
153 48
165 99
164 184
418 174
205 313
204 479
574 209
251 565
250 235
614 338
549 147
540 559
53 49
52 565
519 254
536 313
656 147
497 565
496 564
611 590
20 147
21 105
438 332
437 565
374 564
373 105
659 106
481 559
480 461
552 479
578 312
433 49
434 590
128 312
127 173
516 565
515 209
509 1
581 146
661 48
419 564
256 331
255 564
403 332
426 148
274 210
529 1
455 106
654 173
542 564
649 312
333 184
653 210
101 184
466 182
123 174
435 106
568 100
362 1
447 182
513 565
512 415
408 147
409 174
563 174
65 146
632 183
567 183
380 146
358 235
359 565
150 332
149 49
449 173
487 338
507 48
388 312
198 147
199 184
175 147
176 99
214 235
591 105
444 559
223 413
222 479
518 565
517 228
520 49
263 564
264 148
372 415
597 565
598 590
102 184
103 413
337 145
580 36
579 564
616 209
609 106
608 106
420 100
303 99
108 174
109 182
453 49
525 332
81 145
80 564
166 174
402 461
401 100
443 313
286 413
287 182
367 413
92 148
93 461
290 99
450 174
488 254
588 313
554 332
495 479
494 182
114 228
115 48
69 210
477 36
139 147
54 414
55 106
4 461
5 332
493 49
508 181
126 413
47 183
13 49
12 148
89 49
291 99
131 559
130 146
485 332
472 147
471 106
82 173
83 36
296 413
137 184
138 559
142 565
32 331
33 228
171 564
170 565
277 148
203 48
227 559
397 590
482 235
328 1
327 174
196 235
197 313
295 590
294 313
572 181
470 228
370 254
25 181
24 565
96 145
240 331
239 313
396 36
354 184
233 228
234 146
431 173
349 36
348 209
394 99
446 99
395 182
195 148
514 313
551 228
657 564
232 565
407 146
425 332
458 209
160 49
159 254
329 148
330 184
628 564
630 106
631 331
163 414
169 148
587 210
615 36
71 184
72 148
428 479
429 413
473 148
474 565
464 145
465 181
162 564
161 559
383 331
302 48
301 461
547 312
638 173
404 148
392 479
280 146
279 413
14 99
15 332
23 332
22 312
104 106
311 331
172 312
293 413
41 100
40 228
167 590
168 106
278 173
646 1
422 210
200 182
66 173
67 99
350 414
326 106
325 106
343 147
260 331
259 461
385 338
386 182
190 331
191 182
391 48
441 209
9 565
8 338
368 106
309 565
310 99
363 36
376 565
375 313
538 312
539 564
129 312
77 209
60 181
61 313
400 235
399 148
320 174
243 228
85 338
84 415
382 1
541 461
633 559
605 148
604 48
323 147
377 174
266 184
265 184
546 100
583 36
390 99
117 331
116 209
236 209
505 332
347 184
545 415
202 564
201 209
231 235
610 332
112 415
113 332
573 565
627 106
648 174
623 182
213 479
281 590
316 228
484 338
589 312
660 254
492 99
607 338
641 312
634 564
510 184
378 100
379 461
207 181
206 590
381 182
636 182
430 145
506 254
599 106
427 183
120 99
637 228
300 332
584 564
16 590
17 564
398 564
486 173
553 145
475 106
558 184
317 338
595 235
530 564
91 254
90 590
252 313
253 181
132 565
133 564
618 182
144 235
241 564
242 36
576 559
606 564
454 99
602 1
357 564
324 590
436 414
652 48
577 461
645 559
178 331
177 174
412 174
643 147
531 99
457 332
366 36
626 181
613 182
522 210
521 564
537 99
600 210
642 183
543 559
405 413
341 461
625 461
489 235
592 565
406 105
158 254
157 338
406 182


