300 1500
206 217
206 199
206 277
206 118
206 50
206 164
206 136
206 234
206 161
206 176
217 52
217 251
217 265
217 224
217 214
217 93
217 261
217 218
217 270
113 291
113 169
113 109
113 37
113 9
113 263
113 220
113 288
113 136
113 234
291 165
291 215
291 230
291 29
291 76
291 240
291 57
291 5
291 233
239 250
239 67
239 279
239 75
239 92
239 205
239 236
239 174
239 57
239 123
250 201
250 118
250 50
250 63
250 290
250 176
250 73
250 41
250 134
43 195
43 230
43 177
43 169
43 201
43 289
43 39
43 49
43 262
43 65
195 276
195 102
195 288
195 84
195 178
195 29
195 153
195 23
195 277
122 259
122 228
122 77
122 82
122 8
122 143
122 180
122 224
122 292
122 11
259 82
259 48
259 252
259 30
259 89
259 76
259 282
259 294
259 204
129 155
129 7
129 37
129 154
129 69
129 214
129 191
129 114
129 46
129 107
155 89
155 153
155 211
155 115
155 118
155 177
155 132
155 157
155 216
114 255
114 244
114 181
114 31
114 10
114 90
114 264
114 223
114 39
255 298
255 192
255 209
255 104
255 189
255 188
255 28
255 183
255 94
74 219
74 24
74 186
74 230
74 19
74 111
74 166
74 179
74 157
74 171
219 227
219 54
219 119
219 0
219 232
219 48
219 14
219 27
219 71
7 177
7 6
7 236
7 170
7 106
7 181
7 151
7 128
7 41
151 173
151 143
151 231
151 31
151 75
151 223
151 192
151 224
151 139
173 154
173 186
173 0
173 211
173 130
173 31
173 61
173 283
173 57
23 253
23 76
23 252
23 18
23 203
23 19
23 6
23 208
23 162
253 225
253 57
253 236
253 22
253 3
253 55
253 185
253 15
253 210
91 128
91 118
91 261
91 241
91 110
91 137
91 215
91 192
91 116
91 49
128 68
128 257
128 117
128 97
128 13
128 164
128 229
128 276
205 266
205 6
205 67
205 1
205 292
205 226
205 131
205 120
205 124
266 178
266 214
266 258
266 141
266 240
266 165
266 169
266 235
266 65
165 193
165 264
165 132
165 233
165 12
165 42
165 161
165 171
193 185
193 177
193 210
193 44
193 156
193 110
193 189
193 272
193 52
56 286
56 220
56 242
56 67
56 57
56 256
56 268
56 72
56 198
56 296
286 10
286 226
286 298
286 100
286 202
286 29
286 108
286 81
286 224
24 99
24 187
24 101
24 78
24 289
24 200
24 69
24 127
24 150
175 243
175 10
175 90
175 245
175 202
175 267
175 19
175 180
175 227
175 111
243 246
243 54
243 153
243 107
243 58
243 248
243 50
243 179
243 216
41 163
41 140
41 185
41 167
41 191
41 256
41 236
41 170
163 246
163 36
163 69
163 20
163 282
163 285
163 242
163 290
163 257
6 73
6 186
6 208
6 246
6 102
6 190
6 127
98 288
98 144
98 199
98 256
98 53
98 84
98 35
98 159
98 106
98 92
288 236
288 292
288 252
288 50
288 53
288 146
288 0
37 16
37 210
37 199
37 188
37 69
37 70
37 83
37 87
10 197
10 67
10 34
10 16
10 215
10 159
10 150
110 262
110 40
110 234
110 216
110 170
110 50
110 95
110 25
262 68
262 179
262 182
262 232
262 48
262 299
262 208
262 123
136 171
136 248
136 225
136 106
136 59
136 178
136 278
136 202
171 209
171 160
171 67
171 200
171 124
171 118
171 90
8 251
8 230
8 254
8 267
8 224
8 79
8 49
8 170
8 103
251 71
251 88
251 252
251 186
251 72
251 197
251 192
251 271
144 222
144 4
144 211
144 27
144 85
144 207
144 100
144 84
144 15
62 78
62 176
62 190
62 46
62 140
62 296
62 119
62 109
62 187
62 298
78 226
78 203
78 73
78 104
78 283
78 138
78 1
78 31
47 178
47 181
47 279
47 32
47 147
47 118
47 75
47 52
47 99
47 245
178 180
178 189
178 124
178 96
178 232
178 147
107 229
107 294
107 277
107 80
107 75
107 4
107 282
107 249
229 143
229 39
229 102
229 252
229 200
229 125
229 159
229 211
45 254
45 257
45 191
45 79
45 82
45 160
45 108
45 86
45 131
45 167
254 79
254 4
254 174
254 101
254 60
254 58
254 256
254 17
32 55
32 236
32 147
32 268
32 139
32 241
32 87
32 263
32 66
55 270
55 240
55 176
55 27
55 221
55 101
55 156
55 138
246 241
246 95
246 248
246 172
246 238
246 126
246 85
143 209
143 145
143 179
143 290
143 148
143 30
143 162
34 281
34 248
34 48
34 83
34 60
34 275
34 176
34 0
34 3
281 28
281 167
281 280
281 241
281 209
281 140
281 207
281 188
281 268
140 120
140 198
140 267
140 248
140 238
140 270
140 26
70 283
70 109
70 187
70 125
70 200
70 149
70 204
70 148
70 50
283 36
283 80
283 263
283 90
283 276
283 154
283 35
124 174
124 95
124 272
124 284
124 257
124 168
124 0
174 21
174 231
174 142
174 201
174 216
174 284
174 58
101 270
101 79
101 272
101 276
101 154
101 146
101 81
270 33
270 273
270 83
270 61
270 15
270 112
68 93
68 60
68 0
68 180
68 192
68 182
68 293
68 149
93 19
93 287
93 66
93 14
93 61
93 46
93 160
93 225
120 90
120 77
120 105
120 22
120 179
120 160
120 172
120 183
201 111
201 209
201 109
201 57
201 294
201 149
201 117
53 235
53 263
53 48
53 86
53 197
53 244
53 12
53 279
235 161
235 241
235 4
235 38
235 168
235 198
235 19
235 36
19 3
19 240
19 197
19 200
19 157
17 169
17 280
17 284
17 238
17 296
17 230
17 86
17 66
17 299
169 29
169 285
169 54
169 234
169 80
169 214
118 172
118 100
118 278
118 147
40 152
40 44
40 298
40 158
40 148
40 233
40 260
40 72
40 84
152 294
152 90
152 215
152 133
152 2
152 11
152 265
152 108
152 142
99 238
99 126
99 249
99 131
99 269
99 65
99 213
99 170
238 100
238 30
238 202
238 96
238 184
238 22
20 94
20 216
20 108
20 231
20 208
20 198
20 142
20 119
20 268
94 103
94 181
94 160
94 1
94 75
94 25
94 26
94 199
183 237
183 63
183 260
183 64
183 299
183 89
183 38
183 267
237 296
237 63
237 273
237 86
237 156
237 258
237 207
237 272
237 249
176 73
176 289
176 49
176 11
176 264
95 146
95 33
95 213
95 182
95 280
95 15
95 261
133 236
133 97
133 141
133 231
133 233
133 275
133 146
133 211
133 224
236 245
236 249
236 100
97 71
97 191
97 282
97 44
97 230
97 210
97 222
97 73
186 191
186 240
186 265
186 232
186 65
186 11
44 256
44 213
44 69
44 245
44 139
44 295
44 189
4 207
4 154
4 121
4 242
4 198
4 280
207 244
207 109
207 225
207 159
207 292
207 92
272 299
272 278
272 11
272 264
272 125
272 293
161 190
161 141
161 83
161 127
161 87
161 198
161 104
190 197
190 285
190 28
190 242
190 153
190 222
190 212
33 227
33 21
33 185
33 65
33 279
33 82
33 137
33 225
64 257
64 256
64 49
64 172
64 75
64 153
64 273
64 59
64 278
257 42
257 287
257 141
257 188
257 84
105 295
105 187
105 199
105 61
105 179
105 224
105 158
105 170
105 258
295 49
295 69
295 271
295 167
295 263
295 177
295 227
295 123
30 115
30 203
30 51
30 149
30 208
30 263
30 234
115 172
115 247
115 228
115 106
115 87
115 222
115 145
115 38
51 287
51 290
51 244
51 103
51 168
51 18
51 27
51 233
51 79
287 92
287 123
287 77
287 203
287 16
287 83
287 277
76 189
76 202
76 179
76 289
76 138
76 215
76 61
117 269
117 48
117 111
117 89
117 263
117 88
117 265
117 202
269 92
269 79
269 112
269 194
269 299
269 89
269 267
269 293
222 285
222 276
222 63
222 271
222 284
222 11
285 157
285 284
285 134
285 35
285 280
285 106
16 142
16 131
16 108
16 299
16 135
16 58
16 139
18 226
18 72
18 121
18 77
18 211
18 67
18 12
18 202
226 268
226 79
226 290
226 106
226 29
226 83
59 264
59 12
59 92
59 280
59 194
59 27
59 87
59 22
264 156
264 141
264 290
264 149
264 274
256 12
256 212
256 137
256 82
218 292
218 3
218 242
218 84
218 150
218 31
218 212
218 112
218 191
292 96
292 162
292 138
292 204
292 57
111 166
111 139
111 116
111 72
111 297
111 132
166 125
166 228
166 182
166 194
166 242
166 35
166 199
166 61
31 57
31 5
31 204
31 273
31 197
57 299
57 182
71 130
71 228
71 131
71 221
71 147
71 127
71 225
130 258
130 0
130 184
130 132
130 13
130 278
130 181
130 135
181 126
181 293
181 154
181 157
181 2
248 116
248 179
248 26
248 35
248 63
172 100
172 234
172 204
172 131
172 112
280 290
280 28
280 284
280 103
164 213
164 157
164 247
164 228
164 39
164 81
164 147
164 145
213 9
213 293
213 274
213 289
213 102
213 67
0 227
0 216
0 196
227 103
227 232
227 104
227 58
227 241
15 90
15 158
15 268
15 9
15 282
15 88
90 46
90 168
90 294
228 234
228 119
228 63
228 85
228 240
234 21
234 38
234 11
119 147
119 141
119 82
119 146
119 123
119 148
147 81
147 249
147 233
89 214
89 36
89 202
89 159
89 241
82 116
82 184
82 275
82 215
116 126
116 131
116 274
116 265
116 267
116 224
73 296
73 273
73 275
73 104
73 159
296 58
296 22
296 52
296 247
296 100
13 22
13 28
13 247
13 60
13 54
13 273
13 240
13 232
22 63
22 156
22 180
22 12
26 220
26 135
26 148
26 21
26 194
26 141
26 150
220 297
220 221
220 138
220 5
220 103
220 182
220 12
294 121
294 66
294 86
294 148
294 275
86 271
86 192
86 252
86 142
86 84
271 168
271 1
271 167
271 81
271 142
271 211
279 260
279 244
279 200
279 38
279 63
279 66
146 258
146 145
146 21
146 85
146 103
258 150
258 244
258 127
258 212
258 199
66 149
66 194
66 58
66 289
66 137
149 48
149 198
149 177
149 88
92 1
92 79
92 216
92 2
72 5
72 85
72 142
72 230
72 277
106 221
106 276
106 189
106 159
221 157
221 138
221 27
221 36
221 65
221 112
273 252
273 289
273 191
273 28
260 132
260 135
260 14
260 109
260 241
260 225
260 5
109 232
109 215
109 102
109 274
232 77
232 157
232 278
29 123
29 233
29 247
29 11
29 210
123 21
123 60
123 192
123 159
103 77
103 290
103 125
290 275
290 187
204 240
204 12
204 158
204 187
204 184
240 39
240 299
25 125
25 79
25 52
25 3
25 242
25 75
25 274
25 1
125 158
125 231
125 39
125 187
203 196
203 14
203 299
203 154
203 36
203 135
191 197
191 284
191 102
63 277
63 137
36 282
36 5
36 112
36 127
157 167
157 69
247 127
247 75
247 138
247 54
247 85
276 274
276 132
276 49
276 3
88 150
88 298
88 58
88 35
88 61
88 138
150 210
150 223
150 121
150 265
79 156
197 54
197 38
197 156
274 85
274 282
274 80
274 298
80 145
80 225
80 126
80 187
80 67
80 134
145 265
145 249
145 170
145 49
145 142
60 87
60 28
60 126
60 83
60 196
87 209
87 289
87 148
87 249
141 52
141 284
141 27
199 275
199 241
199 3
223 230
223 162
223 9
223 297
223 138
223 180
223 39
230 134
230 96
214 212
214 77
214 263
214 54
214 179
244 268
244 153
244 104
244 134
168 65
168 96
168 50
168 84
168 282
1 14
1 42
1 298
1 100
14 293
14 194
14 108
14 162
14 224
48 42
48 46
48 50
225 12
225 188
177 212
177 159
177 3
177 209
212 210
212 156
212 189
212 184
52 2
52 108
52 167
52 211
139 185
139 83
139 96
139 134
139 121
185 252
185 196
185 9
185 267
185 159
265 126
265 216
265 46
127 162
127 284
127 153
132 182
132 196
132 297
132 112
182 81
182 21
182 278
210 104
210 293
210 50
137 297
137 11
137 42
137 189
137 112
297 189
297 131
297 96
297 277
297 231
69 194
69 184
69 198
196 35
196 261
196 49
196 46
196 9
102 198
102 21
102 54
102 180
121 188
121 245
121 179
121 158
121 148
126 231
126 28
126 267
154 5
154 12
154 46
77 277
77 46
77 184
241 142
11 278
278 245
278 216
192 100
192 131
192 156
252 188
252 2
184 242
184 188
184 263
242 9
242 153
162 200
162 167
162 158
162 194
209 160
209 293
209 61
156 50
189 170
200 39
200 108
200 202
5 216
5 170
5 245
85 96
85 261
85 27
96 135
96 46
9 81
9 231
9 100
215 180
215 65
215 268
180 142
180 208
49 289
261 233
261 42
261 298
261 275
261 54
158 35
158 39
158 208
67 38
67 233
134 231
134 160
134 2
134 81
231 75
21 2
21 148
83 245
83 135
54 2
187 198
187 108
2 211
2 188
28 298
28 35
245 284
245 167
194 167
194 293
39 75
299 249
298 38
131 233
211 282
35 38
282 289
135 208
135 263
135 249
38 27
202 275
58 275
58 112
153 267
153 42
108 61
160 170
160 112
160 208
65 84
65 188
84 224
268 267
268 104
277 148
277 42
27 81
249 104
42 3
42 138
81 3
104 61
293 208