300 750
217 254
217 212
217 71
217 12
217 265
254 89
254 71
254 200
254 214
176 213
176 147
176 203
176 237
176 37
213 83
213 286
213 192
213 267
33 155
33 50
33 170
33 142
33 13
155 274
155 12
155 272
155 238
34 138
34 113
34 85
34 126
34 22
138 212
138 156
138 73
138 142
121 295
121 47
121 164
121 293
121 265
295 15
295 298
295 293
295 3
128 154
128 167
128 165
128 151
128 17
154 41
154 169
154 92
154 8
125 256
125 27
125 8
125 299
125 181
256 82
256 167
256 160
256 32
16 111
16 231
16 71
16 39
16 4
111 93
111 197
111 145
111 260
15 48
15 4
15 173
15 193
102 263
102 164
102 109
102 181
102 64
263 18
263 210
263 84
263 227
227 285
227 130
227 247
227 198
285 284
285 222
285 245
285 55
147 11
147 101
147 215
147 50
216 294
216 184
216 201
216 250
216 170
294 80
294 193
294 95
294 79
80 95
80 274
80 29
80 236
95 106
95 226
95 17
91 281
91 298
91 265
91 269
91 166
281 174
281 240
281 299
281 224
221 229
221 50
221 62
221 276
221 173
229 211
229 81
229 106
229 49
3 177
3 226
3 253
3 187
177 115
177 231
177 207
177 97
27 107
27 171
27 29
27 56
107 220
107 196
107 92
107 271
284 172
284 61
284 78
284 218
153 192
153 31
153 13
153 248
153 8
192 248
192 130
192 110
130 193
130 53
130 81
184 114
184 186
184 259
184 240
232 265
232 166
232 60
232 45
232 204
265 236
53 272
53 17
53 66
53 139
272 173
272 86
272 76
62 101
62 194
62 19
62 38
101 183
101 299
101 243
110 150
110 54
110 231
110 277
150 168
150 260
150 84
150 67
31 104
31 179
31 235
31 253
104 88
104 182
104 94
104 59
148 262
148 271
148 182
148 191
148 235
262 151
262 79
262 161
262 145
112 178
112 14
112 274
112 86
112 258
178 220
178 78
178 274
178 269
271 249
271 42
271 92
164 201
164 297
164 169
0 144
0 283
0 58
0 10
0 266
144 44
144 25
144 4
144 26
158 163
158 117
158 270
158 73
158 205
163 278
163 244
163 225
163 288
41 255
41 77
41 85
41 169
202 260
202 89
202 85
202 189
202 275
260 44
260 180
278 59
278 35
278 194
278 42
50 65
50 231
40 198
40 108
40 289
40 126
40 120
198 277
198 84
198 172
204 288
204 122
204 166
204 51
288 20
288 168
288 122
17 123
17 86
123 223
123 289
123 253
123 47
223 183
223 194
223 115
223 193
88 211
88 196
88 242
88 105
117 269
117 9
117 146
117 224
280 283
280 296
280 291
280 99
280 114
283 185
283 28
283 84
58 81
58 42
58 218
58 100
81 230
81 219
167 131
167 105
167 225
129 132
129 191
129 56
129 188
129 32
132 276
132 275
132 241
132 39
185 255
185 57
185 145
185 122
74 205
74 22
74 124
74 218
74 89
205 279
205 67
205 291
161 182
161 200
161 108
161 156
182 230
182 143
124 282
124 156
124 234
124 11
282 149
282 68
282 90
282 186
86 188
86 94
188 76
188 222
188 131
54 65
54 195
54 11
54 126
65 194
65 203
65 257
220 5
220 270
220 279
200 113
200 12
200 32
298 226
298 268
298 219
242 292
242 267
242 257
242 93
292 85
292 287
292 165
292 214
8 99
8 136
22 261
22 203
22 11
261 142
261 203
261 23
261 160
146 166
146 98
146 21
146 63
166 7
165 179
165 174
165 226
179 127
179 157
179 253
12 77
12 66
77 140
77 212
77 189
48 170
48 127
48 252
48 233
170 149
170 160
39 103
39 61
39 253
103 197
103 230
103 87
103 85
234 297
234 67
234 207
234 120
297 69
297 82
297 206
13 60
13 133
13 43
60 152
60 127
60 224
68 246
68 277
68 64
68 9
246 11
246 195
246 51
246 160
151 191
151 6
151 66
156 237
156 287
67 287
67 57
287 269
287 75
201 43
201 152
201 210
18 245
18 239
18 293
18 106
245 172
245 142
245 113
203 241
4 109
4 70
109 251
109 119
109 98
276 233
276 5
276 30
135 183
135 210
135 61
135 186
135 57
183 255
183 137
30 228
30 160
30 1
30 37
228 19
228 38
228 239
228 114
195 238
195 143
195 273
36 70
36 37
36 269
36 45
36 49
70 268
70 5
70 199
127 197
127 157
73 199
73 247
73 106
199 244
199 37
199 174
19 46
19 239
19 2
226 6
28 75
28 290
28 10
28 152
75 89
75 266
75 209
20 211
20 134
20 171
20 268
211 193
211 100
61 72
61 57
72 219
72 46
72 14
72 286
6 47
6 233
6 237
47 24
47 290
139 171
139 79
139 174
139 7
171 296
171 69
296 187
296 249
296 247
274 168
168 239
168 83
270 189
270 9
270 92
212 277
212 286
118 206
118 87
118 90
118 286
118 290
206 2
206 21
206 136
169 190
169 84
190 131
190 38
190 140
190 181
35 208
35 159
35 42
35 26
208 63
208 181
208 225
208 2
79 162
79 52
162 252
162 210
162 187
162 1
174 210
38 94
38 275
106 49
131 25
131 64
59 52
59 159
59 279
56 105
56 82
56 180
105 267
105 55
173 209
173 78
113 267
113 250
267 237
194 49
108 224
108 145
108 222
290 258
290 69
255 286
255 275
29 264
29 37
29 222
264 291
264 266
264 97
264 149
289 69
289 159
289 26
237 249
291 51
291 243
268 207
268 44
7 114
7 247
7 51
114 215
63 122
63 233
63 142
122 141
189 133
189 23
222 44
219 137
219 249
172 97
172 24
115 116
115 249
115 258
277 133
25 78
25 134
25 239
49 250
250 215
250 26
44 96
247 45
82 143
82 90
64 238
64 83
14 209
14 231
14 215
94 230
94 186
230 191
157 252
157 140
157 83
137 98
137 235
137 175
52 233
52 96
52 235
42 78
187 119
187 293
196 1
196 225
196 133
1 293
1 97
251 273
251 99
251 43
251 218
51 238
89 46
116 119
116 299
116 21
116 32
119 136
119 273
215 181
46 96
46 26
96 87
96 236
149 257
149 76
238 100
9 159
9 175
159 136
66 214
66 180
69 191
87 23
87 266
241 248
241 120
241 140
248 21
248 279
10 244
10 257
10 71
244 2
244 90
57 126
152 175
152 134
175 98
175 71
120 240
120 252
133 23
252 93
55 143
55 83
55 141
143 236
207 279
207 214
140 240
180 259
180 126
2 141
209 99
209 98
257 92
93 273
93 21
273 240
99 76
145 5
197 259
197 76
214 243
243 259
243 141
5 43
136 45
218 258
258 235
259 97
43 100
100 266
23 186
275 24
141 134
224 24
32 90
236 225
134 45
299 24