300 4500
6 192
6 205
6 182
6 283
6 260
6 129
6 227
6 151
6 206
6 62
6 183
6 186
6 42
6 110
6 208
6 119
6 98
6 58
6 188
6 80
6 178
6 256
6 4
6 5
6 92
6 213
6 190
6 59
6 271
6 71
192 17
192 99
192 84
192 245
192 181
192 28
192 277
192 31
192 114
192 259
192 158
192 23
192 159
192 225
192 37
192 174
192 283
192 250
192 41
192 71
192 88
192 18
192 35
192 241
192 183
192 155
192 231
192 101
192 63
37 296
37 285
37 56
37 144
37 242
37 133
37 146
37 123
37 191
37 47
37 7
37 122
37 24
37 49
37 124
37 137
37 71
37 136
37 149
37 247
37 103
37 5
37 83
37 204
37 21
37 138
37 249
37 72
37 130
296 162
296 286
296 188
296 139
296 284
296 123
296 104
296 58
296 88
296 49
296 39
296 263
296 100
296 179
296 164
296 11
296 117
296 150
296 28
296 293
296 167
296 228
296 288
296 294
296 95
296 125
296 128
296 292
296 4
185 194
185 43
185 76
185 57
185 74
185 153
185 165
185 228
185 227
185 240
185 217
185 0
185 230
185 39
185 252
185 219
185 232
185 264
185 254
185 276
185 28
185 266
185 246
185 190
185 108
185 65
185 126
185 98
185 112
185 174
194 220
194 17
194 99
194 202
194 146
194 14
194 246
194 259
194 9
194 15
194 59
194 238
194 81
194 62
194 92
194 128
194 145
194 4
194 7
194 252
194 229
194 76
194 27
194 254
194 74
194 153
194 221
194 91
194 154
57 274
57 1
57 152
57 285
57 177
57 154
57 288
57 7
57 156
57 257
57 113
57 178
57 181
57 158
57 102
57 79
57 213
57 278
57 202
57 94
57 22
57 17
57 129
57 214
57 204
57 217
57 63
57 206
57 183
274 270
274 140
274 173
274 291
274 190
274 193
274 22
274 118
274 43
274 113
274 165
274 116
274 292
274 117
274 196
274 44
274 47
274 31
274 263
274 32
274 65
274 147
274 98
274 210
274 197
274 159
274 244
274 70
274 176
58 239
58 98
58 150
58 163
58 297
58 264
58 44
58 240
58 230
58 86
58 254
58 136
58 234
58 35
58 145
58 279
58 125
58 223
58 190
58 291
58 160
58 258
58 215
58 237
58 204
58 96
58 161
58 262
239 110
239 240
239 105
239 172
239 242
239 33
239 55
239 297
239 244
239 116
239 67
239 146
239 279
239 197
239 14
239 44
239 278
239 183
239 255
239 258
239 127
239 51
239 32
239 293
239 98
239 282
239 21
239 209
239 27
84 148
84 105
84 72
84 157
84 147
84 104
84 182
84 293
84 126
84 250
84 204
84 33
84 17
84 48
84 78
84 173
84 175
84 230
84 43
84 75
84 60
84 275
84 232
84 222
84 5
84 234
84 224
84 68
84 168
148 168
148 3
148 97
148 127
148 189
148 81
148 32
148 65
148 95
148 147
148 234
148 247
148 131
148 11
148 158
148 291
148 73
148 76
148 106
148 29
148 60
148 260
148 174
148 151
148 262
148 39
148 264
148 241
148 18
143 197
143 187
143 275
143 104
143 219
143 126
143 209
143 277
143 138
143 56
143 286
143 276
143 54
143 87
143 53
143 268
143 116
143 119
143 212
143 179
143 2
143 267
143 282
143 193
143 281
143 142
143 44
143 9
143 73
143 15
197 7
197 155
197 278
197 291
197 120
197 168
197 91
197 214
197 103
197 35
197 49
197 271
197 50
197 34
197 175
197 117
197 262
197 265
197 176
197 219
197 64
197 94
197 78
197 108
197 139
197 93
197 198
7 273
7 129
7 21
7 11
7 220
7 66
7 187
7 275
7 219
7 55
7 287
7 12
7 123
7 243
7 268
7 81
7 25
7 136
7 28
7 247
7 224
7 106
7 171
7 120
7 74
7 195
273 204
273 21
273 132
273 119
273 152
273 262
273 287
273 3
273 85
273 115
273 127
273 100
273 9
273 31
273 290
273 15
273 45
273 280
273 264
273 32
273 297
273 125
273 77
273 295
273 91
273 184
273 236
273 138
273 190
162 188
162 155
162 299
162 38
162 187
162 223
162 200
162 177
162 53
162 83
162 265
162 16
162 150
162 257
162 201
162 214
162 181
162 269
162 246
162 213
162 283
162 260
162 43
162 174
162 107
162 154
162 264
162 231
162 26
1 113
1 224
1 191
1 47
1 71
1 169
1 61
1 28
1 73
1 171
1 17
1 20
1 85
1 62
1 117
1 264
1 97
1 110
1 208
1 41
1 54
1 31
1 44
1 21
1 164
1 56
1 101
1 166
1 221
113 147
113 258
113 235
113 108
113 270
113 65
113 95
113 139
113 196
113 282
113 216
113 76
113 38
113 41
113 107
113 132
113 230
113 200
113 121
113 19
113 33
113 20
113 72
113 257
113 34
113 191
113 47
87 153
87 132
87 109
87 98
87 134
87 222
87 189
87 82
87 287
87 33
87 85
87 50
87 90
87 188
87 224
87 246
87 102
87 30
87 278
87 160
87 248
87 31
87 202
87 75
87 116
87 237
87 184
87 161
87 183
153 196
153 176
153 251
153 264
153 107
153 233
153 19
153 288
153 232
153 72
153 179
153 116
153 290
153 119
153 280
153 279
153 171
153 292
153 127
153 108
153 95
153 147
153 98
153 161
153 40
153 229
153 206
73 218
73 208
73 240
73 242
73 209
73 101
73 176
73 166
73 244
73 31
73 12
73 42
73 289
73 246
73 236
73 225
73 202
73 238
73 149
73 270
73 260
73 116
73 138
73 249
73 196
73 120
73 241
218 207
218 227
218 123
218 107
218 140
218 121
218 166
218 241
218 169
218 201
218 68
218 250
218 167
218 253
218 230
218 66
218 69
218 86
218 103
218 264
218 208
218 267
218 279
218 97
218 191
218 173
218 129
218 56
218 260
107 131
107 108
107 8
107 297
107 241
107 231
107 109
107 16
107 82
107 298
107 17
107 121
107 111
107 277
107 280
107 247
107 289
107 47
107 12
107 15
107 203
107 271
107 260
107 26
107 217
107 21
131 200
131 265
131 212
131 26
131 101
131 24
131 237
131 168
131 181
131 158
131 279
131 180
131 170
131 281
131 3
131 260
131 250
131 81
131 65
131 5
131 295
131 199
131 221
131 90
131 132
131 253
131 289
131 256
88 118
88 216
88 229
88 46
88 173
88 297
88 264
88 23
88 119
88 155
88 99
88 245
88 100
88 221
88 16
88 299
88 52
88 125
88 223
88 226
88 271
88 237
88 250
88 61
88 161
88 78
88 138
88 259
118 110
118 149
118 152
118 237
118 63
118 36
118 272
118 17
118 294
118 86
118 188
118 80
118 15
118 265
118 13
118 199
118 146
118 244
118 136
118 126
118 247
118 168
118 158
118 135
118 292
118 90
118 216
118 71
207 21
207 55
207 85
207 285
207 99
207 229
207 83
207 264
207 196
207 5
207 202
207 3
207 243
207 20
207 235
207 79
207 142
207 145
207 224
207 237
207 9
207 12
207 292
207 27
207 59
207 104
207 284
207 261
207 154
47 80
47 181
47 9
47 279
47 31
47 12
47 45
47 82
47 157
47 268
47 104
47 214
47 227
47 282
47 216
47 108
47 241
47 5
47 165
47 22
47 89
47 199
47 212
47 100
47 103
80 245
80 93
80 138
80 117
80 94
80 23
80 205
80 182
80 195
80 126
80 260
80 21
80 54
80 161
80 282
80 128
80 85
80 130
80 120
80 97
80 188
80 165
80 200
80 177
80 134
80 222
80 179
227 141
227 68
227 55
227 36
227 258
227 53
227 290
227 133
227 25
227 213
227 94
227 48
227 294
227 226
227 248
227 228
227 177
227 112
227 260
227 263
227 295
227 275
227 60
227 123
227 287
227 173
91 272
91 249
91 219
91 196
91 173
91 30
91 14
91 299
91 253
91 27
91 177
91 144
91 179
91 257
91 234
91 10
91 236
91 92
91 71
91 226
91 203
91 281
91 114
91 225
91 106
91 204
91 295
272 49
272 55
272 151
272 247
272 103
272 136
272 44
272 169
272 180
272 15
272 282
272 261
272 242
272 59
272 51
272 245
272 46
272 142
272 222
272 145
272 175
272 193
272 195
272 106
272 285
272 104
272 126
272 189
38 117
38 51
38 20
38 208
38 96
38 253
38 76
38 56
38 298
38 176
38 45
38 156
38 267
38 244
38 279
38 135
38 82
38 157
38 124
38 61
38 8
38 280
38 149
38 103
38 83
38 184
38 39
38 294
117 53
117 226
117 180
117 268
117 150
117 63
117 129
117 78
117 252
117 219
117 25
117 20
117 208
117 198
117 76
117 145
117 29
117 60
117 210
117 222
117 199
117 280
117 257
117 8
164 256
164 233
164 167
164 180
164 56
164 280
164 134
164 171
164 18
164 259
164 163
164 249
164 216
164 69
164 260
164 250
164 217
164 230
164 112
164 25
164 219
164 42
164 94
164 208
164 108
164 92
164 77
164 243
256 25
256 31
256 97
256 127
256 269
256 109
256 264
256 4
256 129
256 190
256 141
256 299
256 89
256 223
256 70
256 24
256 76
256 106
256 8
256 124
256 101
256 63
256 69
256 262
256 50
256 161
256 133
270 262
270 265
270 151
270 135
270 149
270 133
270 150
270 211
270 9
270 12
270 277
270 231
270 78
270 32
270 289
270 98
270 129
270 174
270 293
270 140
270 154
270 215
270 217
270 169
270 199
270 284
270 232
42 267
42 77
42 18
42 223
42 69
42 46
42 35
42 49
42 22
42 36
42 30
42 11
42 85
42 238
42 241
42 29
42 152
42 165
42 286
42 217
42 210
42 66
42 43
42 9
42 209
42 287
42 146
267 167
267 64
267 15
267 48
267 78
267 59
267 32
267 62
267 158
267 210
267 243
267 10
267 277
267 54
267 254
267 156
267 189
267 121
267 141
267 250
267 0
267 221
267 251
267 119
267 152
267 61
102 281
102 238
102 215
102 182
102 149
102 260
102 250
102 106
102 186
102 263
102 26
102 266
102 243
102 41
102 71
102 288
102 265
102 134
102 235
102 2
102 189
102 133
102 50
102 269
102 83
102 216
102 193
102 100
281 152
281 282
281 45
281 221
281 231
281 114
281 147
281 25
281 9
281 89
281 244
281 258
281 106
281 71
281 104
281 77
281 110
281 170
281 124
281 105
281 206
281 217
281 5
281 193
281 101
281 55
262 279
262 157
262 4
262 138
262 82
262 237
262 63
262 294
262 252
262 99
262 146
262 198
262 122
262 229
262 180
262 75
262 51
262 13
262 191
262 289
262 129
262 159
262 120
262 137
122 259
122 28
122 89
122 70
122 74
122 104
122 77
122 23
122 242
122 163
122 166
122 254
122 119
122 187
122 200
122 16
122 157
122 0
122 124
122 31
122 245
122 64
122 225
122 32
122 136
122 114
122 46
122 237
259 215
259 287
259 232
259 0
259 186
259 3
259 82
259 17
259 252
259 266
259 81
259 61
259 43
259 258
259 106
259 242
259 59
259 13
259 140
259 154
259 206
259 271
259 261
259 171
259 168
94 277
94 39
94 234
94 53
94 145
94 181
94 30
94 170
94 31
94 235
94 29
94 280
94 228
94 231
94 74
94 188
94 286
94 263
94 109
94 275
94 124
94 209
94 176
94 189
94 179
277 13
277 46
277 289
277 147
277 26
277 54
277 27
277 280
277 34
277 172
277 170
277 184
277 215
277 248
277 284
277 115
277 252
277 50
277 165
277 146
277 298
277 243
277 25
277 255
168 228
168 108
168 182
168 147
168 174
168 26
168 219
168 40
168 21
168 27
168 241
168 41
168 211
168 134
168 286
168 253
168 105
168 16
168 0
168 212
168 63
168 17
168 290
168 152
129 230
129 187
129 177
129 190
129 67
129 169
129 213
129 127
129 291
129 65
129 215
129 89
129 43
129 15
129 29
129 163
129 297
129 287
129 133
129 208
129 221
129 142
147 222
147 179
147 156
147 234
147 31
147 15
147 108
147 51
147 92
147 216
147 125
147 260
147 152
147 70
147 250
147 240
147 163
147 2
147 221
147 68
147 165
147 50
167 280
167 112
167 170
167 271
167 93
167 4
167 229
167 206
167 36
167 115
167 69
167 284
167 287
167 100
167 211
167 210
167 190
167 3
167 33
167 63
167 180
167 15
167 45
167 75
167 235
167 225
86 193
86 4
86 150
86 235
86 149
86 8
86 282
86 174
86 206
86 35
86 261
86 49
86 254
86 17
86 142
86 89
86 265
86 278
86 14
86 245
86 101
86 135
86 292
86 246
86 138
86 105
86 203
193 149
193 130
193 152
193 163
193 30
193 169
193 298
193 16
193 219
193 209
193 144
193 158
193 299
193 11
193 145
193 10
193 291
193 71
193 156
193 137
193 204
193 261
193 66
193 132
186 280
186 134
186 157
186 22
186 294
186 52
186 50
186 208
186 83
186 230
186 152
186 30
186 16
186 183
186 209
186 15
186 241
186 211
186 144
186 46
186 190
186 178
186 28
186 176
186 24
186 189
186 290
280 291
280 254
280 252
280 50
280 293
280 292
280 64
280 15
280 231
280 78
280 212
280 123
280 278
280 126
280 137
280 189
280 173
280 70
280 60
280 71
151 173
151 2
151 205
151 69
151 83
151 163
151 30
151 11
151 25
151 150
151 208
151 188
151 276
151 127
151 32
151 98
151 199
151 235
151 189
151 4
151 159
151 257
151 204
151 181
151 90
151 213
173 5
173 287
173 63
173 66
173 253
173 233
173 255
173 133
173 30
173 44
173 29
173 160
173 95
173 128
173 127
173 228
173 141
173 205
173 182
173 54
173 106
173 71
51 235
51 68
51 39
51 136
51 247
51 292
51 236
51 16
51 271
51 159
51 283
51 237
51 128
51 216
51 65
51 284
51 110
51 100
51 175
51 188
51 220
51 56
51 5
51 134
51 78
235 83
235 34
235 30
235 159
235 251
235 108
235 283
235 93
235 298
235 157
235 265
235 40
235 119
235 243
235 121
235 35
235 19
235 245
235 85
235 219
235 36
235 127
71 150
71 34
71 175
71 109
71 210
71 25
71 212
71 189
71 59
71 13
71 133
71 123
71 23
71 223
71 8
71 5
71 19
71 95
71 231
150 269
150 246
150 226
150 160
150 49
150 228
150 260
150 50
150 67
150 285
150 28
150 254
150 175
150 90
150 92
150 93
150 190
150 189
150 70
150 156
150 169
150 257
16 214
16 40
16 161
16 30
16 54
16 263
16 119
16 132
16 217
16 99
16 295
16 187
16 275
16 176
16 289
16 243
16 180
16 170
16 137
16 179
16 25
16 257
214 202
214 49
214 213
214 64
214 268
214 109
214 161
214 112
214 205
214 211
214 237
214 195
214 176
214 43
214 106
214 216
214 110
214 271
214 121
214 240
214 188
214 115
214 119
214 152
214 182
3 15
3 260
3 116
3 216
3 29
3 271
3 284
3 120
3 286
3 109
3 99
3 210
3 222
3 297
3 35
3 100
3 34
3 246
3 223
3 200
3 49
3 26
3 268
3 248
15 124
15 114
15 215
15 28
15 295
15 128
15 141
15 95
15 261
15 241
15 208
15 41
15 165
15 286
15 243
15 76
15 53
62 101
62 212
62 100
62 257
62 234
62 211
62 188
62 145
62 52
62 17
62 226
62 291
62 34
62 238
62 283
62 216
62 72
62 175
62 155
62 253
62 10
62 89
62 54
62 8
62 288
62 255
101 139
101 260
101 116
101 96
101 285
101 10
101 43
101 163
101 93
101 165
101 299
101 33
101 202
101 169
101 123
101 178
101 181
101 292
101 138
101 14
101 105
101 205
188 123
188 77
188 219
188 297
188 56
188 141
188 54
188 299
188 289
188 220
188 83
188 255
188 103
188 166
188 5
188 249
188 79
188 258
188 271
54 97
54 195
54 99
54 199
54 55
54 189
54 244
54 52
54 299
54 145
54 233
54 269
54 125
54 69
54 160
54 127
54 28
54 106
54 184
54 161
54 140
97 27
97 234
97 201
97 181
97 203
97 52
97 225
97 261
97 215
97 195
97 50
97 283
97 139
97 106
97 67
97 184
97 282
97 174
97 11
97 98
97 12
97 152
97 276
97 154
220 263
220 106
220 8
220 123
220 124
220 266
220 19
220 298
220 288
220 67
220 146
220 257
220 130
220 103
220 182
220 133
220 279
220 269
220 61
220 195
220 45
220 271
220 13
220 251
220 125
220 161
74 75
74 41
74 72
74 110
74 18
74 276
74 19
74 63
74 266
74 279
74 14
74 25
74 236
74 82
74 61
74 45
74 104
74 65
74 126
74 247
74 139
74 83
74 23
74 56
74 95
75 224
75 155
75 223
75 68
75 92
75 190
75 82
75 63
75 36
75 245
75 72
75 53
75 172
75 149
75 116
75 30
75 44
75 282
75 295
75 249
75 31
75 175
75 230
75 252
75 209
99 248
99 238
99 247
99 283
99 43
99 292
99 282
99 216
99 284
99 120
99 231
99 55
99 276
99 265
99 242
99 232
99 124
99 11
99 189
99 201
99 246
99 114
248 34
248 292
248 238
248 116
248 67
248 152
248 215
248 232
248 230
248 111
248 92
248 247
248 114
248 65
248 298
248 96
248 254
248 225
248 276
248 226
248 126
248 138
248 82
248 33
248 36
205 266
205 275
205 198
205 18
205 133
205 166
205 290
205 224
205 63
205 81
205 160
205 213
205 226
205 79
205 294
205 225
205 26
205 9
205 24
205 76
205 172
205 156
205 284
205 187
266 59
266 245
266 226
266 172
266 126
266 170
266 154
266 184
266 4
266 10
266 174
266 70
266 234
266 115
266 146
266 275
266 5
266 20
266 160
266 83
266 67
266 210
266 112
266 142
200 14
200 44
200 56
200 279
200 292
200 269
200 246
200 90
200 228
200 260
200 171
200 22
200 82
200 36
200 132
200 116
200 264
200 182
200 0
200 34
200 268
200 222
200 125
200 225
104 183
104 163
104 198
104 14
104 276
104 28
104 61
104 285
104 78
104 81
104 95
104 290
104 211
104 158
104 112
104 76
104 268
104 41
104 114
104 126
104 204
183 292
183 182
183 269
183 136
183 249
183 206
183 0
183 52
183 238
183 144
183 177
183 217
183 11
183 187
183 252
183 106
183 254
183 231
183 276
183 233
183 255
183 212
183 202
68 260
68 59
68 32
68 204
68 184
68 261
68 231
68 208
68 142
68 243
68 177
68 298
68 144
68 35
68 211
68 34
68 135
68 112
68 180
68 160
68 114
68 127
68 159
68 126
260 299
260 179
260 163
260 9
260 244
260 29
260 109
260 224
260 10
260 8
260 139
260 105
260 236
109 298
109 26
109 121
109 242
109 124
109 179
109 146
109 90
109 41
109 145
109 158
109 125
109 2
109 190
109 180
109 53
109 83
109 247
109 231
109 263
109 79
109 243
298 10
298 40
298 8
298 257
298 287
298 170
298 187
298 141
298 202
298 204
298 219
298 251
298 11
298 299
298 199
298 293
298 291
298 294
298 32
298 144
298 128
14 289
14 158
14 269
14 180
14 157
14 149
14 247
14 204
14 50
14 138
14 105
14 8
14 228
14 120
14 77
14 119
14 89
14 0
14 33
14 134
14 189
14 156
289 44
289 12
289 225
289 45
289 111
289 158
289 206
289 159
289 176
289 286
289 24
289 240
289 60
289 120
289 93
289 199
289 33
289 55
289 233
289 72
289 247
40 198
40 35
40 230
40 22
40 56
40 20
40 166
40 264
40 133
40 254
40 31
40 246
40 12
40 236
40 190
40 29
40 137
40 13
40 114
40 81
40 202
40 159
40 93
40 204
40 241
198 216
198 139
198 90
198 172
198 137
198 293
198 140
198 121
198 263
198 154
198 49
198 155
198 275
198 132
198 297
198 211
198 64
198 144
198 177
198 79
198 201
198 11
198 26
198 9
81 199
81 53
81 244
81 158
81 138
81 203
81 170
81 137
81 225
81 228
81 79
81 184
81 282
81 21
81 252
81 98
81 294
81 8
81 152
81 49
81 275
81 66
199 160
199 282
199 158
199 291
199 174
199 137
199 295
199 18
199 169
199 171
199 39
199 276
199 34
199 146
199 177
199 179
199 178
199 9
199 201
199 237
140 285
140 141
140 275
140 93
140 219
140 163
140 297
140 241
140 254
140 136
140 292
140 52
140 144
140 222
140 103
140 156
140 247
140 181
140 171
140 32
140 65
140 258
140 261
140 182
285 105
285 23
285 72
285 238
285 119
285 18
285 196
285 19
285 0
285 82
285 263
285 160
285 67
285 210
285 145
285 224
285 208
285 31
285 59
285 60
285 275
285 77
21 43
21 98
21 209
21 22
21 120
21 178
21 243
21 135
21 125
21 46
21 134
21 114
21 225
21 126
21 237
21 83
21 60
21 128
21 229
21 195
92 245
92 290
92 100
92 211
92 224
92 114
92 182
92 70
92 96
92 292
92 219
92 130
92 251
92 264
92 49
92 175
92 152
92 286
92 230
92 154
92 134
92 255
245 34
245 297
245 128
245 210
245 161
245 30
245 243
245 25
245 222
245 105
245 184
245 157
245 292
245 36
245 240
245 8
245 294
245 2
245 196
245 265
108 211
108 4
108 178
108 145
108 49
108 63
108 39
108 157
108 182
108 250
108 171
108 295
108 249
108 17
108 231
108 10
108 13
108 90
108 242
108 111
59 12
59 112
59 48
59 278
59 136
59 172
59 56
59 60
59 161
59 8
59 72
59 196
59 163
59 130
59 228
59 35
59 240
59 41
59 39
59 98
30 233
30 278
30 19
30 20
30 293
30 247
30 250
30 163
30 286
30 66
30 177
30 25
30 232
30 176
30 287
30 221
30 191
30 158
233 175
233 89
233 32
233 120
233 206
233 157
233 187
233 26
233 293
233 85
233 275
233 242
233 103
233 215
233 35
233 202
233 276
233 255
233 219
233 246
233 98
233 291
233 191
249 18
249 182
249 232
249 0
249 292
249 55
249 50
249 251
249 100
249 208
249 244
249 176
249 265
249 95
249 264
249 254
249 174
249 159
249 276
249 171
249 27
249 135
49 103
49 292
49 63
49 85
49 31
49 283
49 23
49 154
49 111
49 24
49 234
49 211
49 70
49 223
49 236
49 124
49 182
103 137
103 50
103 114
103 271
103 225
103 149
103 11
103 240
103 252
103 264
103 241
103 24
103 55
103 36
103 66
103 53
103 244
103 171
103 269
136 171
136 65
136 225
136 263
136 9
136 295
136 275
136 46
136 209
136 176
136 105
136 155
136 243
136 288
136 67
136 202
136 130
136 169
136 290
136 159
171 240
171 229
171 176
171 114
171 211
171 44
171 223
171 222
171 95
171 202
171 179
171 56
171 24
171 76
171 106
171 134
171 228
171 172
29 45
29 35
29 254
29 155
29 69
29 46
29 180
29 268
29 137
29 212
29 290
29 149
29 96
29 216
29 72
29 229
29 283
29 44
29 23
29 43
29 56
45 244
45 234
45 211
45 299
45 137
45 24
45 215
45 48
45 182
45 50
45 295
45 294
45 208
45 77
45 276
45 53
45 66
45 177
45 154
45 212
45 297
209 241
209 93
209 95
209 110
209 124
209 203
209 223
209 213
209 120
209 19
209 52
209 271
209 39
209 238
209 177
209 263
209 96
209 178
209 25
209 195
241 8
241 238
241 77
241 288
241 124
241 35
241 269
241 229
241 64
241 230
241 48
241 78
241 114
241 26
241 89
241 195
160 202
160 149
160 18
160 247
160 180
160 252
160 206
160 60
160 163
160 284
160 297
160 231
160 221
160 157
160 141
160 52
160 55
160 85
160 265
160 278
93 82
93 181
93 175
93 165
93 34
93 288
93 134
93 201
93 135
93 226
93 180
93 258
93 127
93 215
93 195
93 293
93 152
93 161
93 295
93 206
121 128
121 112
121 206
121 4
121 175
121 8
121 155
121 132
121 18
121 222
121 156
121 133
121 290
121 178
121 299
121 191
121 145
121 158
121 292
121 271
121 61
121 111
128 2
128 19
128 85
128 36
128 67
128 100
128 203
128 268
128 25
128 261
128 215
128 64
128 95
128 282
128 126
128 206
128 219
128 23
128 142
128 299
141 138
141 196
141 8
141 287
141 231
141 286
141 178
141 187
141 177
141 144
141 202
141 179
141 156
141 146
141 46
141 181
141 24
141 26
141 226
141 27
141 126
67 157
67 31
67 12
67 124
67 32
67 116
67 130
67 119
67 5
67 275
67 179
67 146
67 34
67 100
67 221
67 90
67 223
67 213
67 25
67 226
157 11
157 254
157 48
157 60
157 178
157 299
157 177
157 265
157 85
157 72
157 237
157 191
157 246
157 216
157 170
157 22
157 20
18 115
18 216
18 261
18 130
18 44
18 142
18 76
18 53
18 288
18 111
18 176
18 123
18 39
18 269
18 223
18 26
18 182
18 293
18 27
115 159
115 126
115 295
115 252
115 229
115 206
115 219
115 95
115 98
115 284
115 251
115 12
115 243
115 43
115 106
115 177
115 144
115 255
115 133
115 290
115 52
115 125
115 66
115 258
4 217
4 174
4 33
4 0
4 154
4 10
4 252
4 144
4 178
4 112
4 223
4 180
4 212
4 215
4 146
4 105
4 82
4 228
4 208
217 5
217 201
217 33
217 72
217 53
217 251
217 149
217 152
217 31
217 268
217 222
217 111
217 290
217 142
217 237
217 11
217 43
217 106
217 139
217 170
78 166
78 46
78 244
78 90
78 191
78 246
78 79
78 236
78 82
78 76
78 283
78 295
78 0
78 63
78 69
78 297
78 286
78 44
78 111
78 232
166 292
166 236
166 213
166 203
166 142
166 159
166 172
166 139
166 242
166 297
166 22
166 33
166 276
166 253
166 17
166 53
166 83
166 34
166 11
166 290
166 31
166 64
110 27
110 90
110 263
110 52
110 278
110 134
110 159
110 2
110 191
110 269
110 282
110 64
110 17
110 20
110 137
110 127
110 95
110 228
110 96
110 26
110 28
216 224
216 279
216 169
216 85
216 238
216 114
216 158
216 263
216 178
216 61
216 65
216 243
216 89
216 291
8 228
8 64
8 96
8 275
8 65
8 22
8 287
8 224
8 46
8 225
8 169
8 139
8 184
106 264
106 221
106 154
106 288
106 100
106 242
106 133
106 244
106 61
106 257
106 215
106 174
106 105
264 60
264 278
264 55
264 240
264 221
264 39
264 257
264 232
264 294
264 48
264 34
264 79
264 96
196 156
196 203
196 215
196 52
196 85
196 66
196 39
196 72
196 135
196 179
196 229
196 95
196 191
196 278
196 23
196 56
196 212
196 24
196 139
196 204
52 293
52 252
52 284
52 36
52 120
52 50
52 195
52 142
52 230
52 56
52 265
52 290
52 34
52 178
52 23
52 82
52 10
52 43
293 50
293 149
293 130
293 169
293 28
293 111
293 247
293 114
293 79
293 292
293 161
293 142
293 226
293 287
293 77
293 189
293 2
293 236
34 225
34 202
34 13
34 83
34 63
34 163
34 283
34 222
34 55
34 123
34 155
34 135
34 79
44 10
44 269
44 278
44 290
44 126
44 139
44 116
44 237
44 282
44 130
44 251
44 120
44 0
44 53
44 219
44 254
64 135
64 112
64 269
64 170
64 137
64 225
64 172
64 149
64 247
64 39
64 96
64 161
64 138
64 294
64 65
64 284
64 28
64 120
64 278
39 182
39 237
39 174
39 130
39 77
39 253
39 230
39 210
39 66
39 56
39 265
39 27
39 244
39 60
39 135
39 236
17 2
17 159
17 85
17 41
17 175
17 9
17 12
17 33
17 13
17 221
17 24
17 112
17 125
17 69
17 288
17 36
28 201
28 276
28 258
28 212
28 60
28 161
28 229
28 163
28 208
28 250
28 24
28 132
28 32
28 297
28 35
28 234
201 9
201 230
201 48
201 252
201 219
201 284
201 89
201 276
201 139
201 120
201 172
201 123
201 126
201 170
201 234
201 19
201 33
201 36
201 213
201 130
201 215
155 230
155 60
155 126
155 137
155 284
155 254
155 276
155 82
155 243
155 232
155 100
155 179
155 290
155 35
155 257
155 127
155 180
155 291
155 225
5 184
5 271
5 261
5 208
5 152
5 240
5 276
5 243
5 177
5 111
5 297
5 299
5 112
5 79
5 124
5 215
182 133
182 163
182 250
182 180
182 12
182 13
182 46
182 125
182 112
182 208
182 77
182 224
77 242
77 219
77 27
77 297
77 60
77 154
77 22
77 255
77 55
77 202
77 179
77 133
77 169
77 123
77 211
77 240
77 95
242 244
242 23
242 246
242 240
242 278
242 72
242 119
242 0
242 22
242 66
242 116
242 130
242 253
242 31
242 195
242 295
242 32
204 283
204 250
204 295
204 132
204 229
204 181
204 223
204 127
204 32
204 265
204 98
204 258
204 124
204 257
204 236
204 291
283 234
283 291
283 20
283 257
283 119
283 213
283 268
283 294
283 127
283 284
283 26
283 9
283 10
283 89
283 231
283 212
283 105
50 225
50 290
50 237
50 130
50 228
50 31
50 119
50 230
50 13
50 174
50 56
50 111
50 55
50 27
225 255
225 237
225 125
225 279
225 159
225 76
225 90
225 41
225 123
225 184
225 231
187 145
187 23
187 252
187 24
187 251
187 60
187 137
187 299
187 190
187 36
187 20
187 257
187 180
187 258
187 238
187 215
187 65
187 98
187 79
96 112
96 19
96 22
96 134
96 232
96 124
96 189
96 287
96 269
96 226
96 180
96 238
96 12
96 261
96 41
96 120
96 175
96 142
96 132
112 177
112 222
112 76
112 234
112 181
112 291
112 114
112 43
112 105
112 252
112 163
112 251
112 208
112 145
228 234
228 41
228 116
228 294
228 36
228 237
228 11
228 159
228 9
228 271
228 203
228 275
228 138
228 26
195 211
195 135
195 255
195 258
195 180
195 234
195 224
195 20
195 292
195 284
195 159
195 31
195 172
195 123
195 137
195 56
195 254
181 299
181 246
181 66
181 288
181 291
181 111
181 222
181 177
181 175
181 25
181 176
181 226
181 170
181 116
181 287
181 254
299 31
299 288
299 65
299 184
299 23
299 190
299 132
299 119
299 152
299 232
299 33
299 252
299 146
208 184
208 237
208 271
208 130
208 263
208 12
208 144
208 161
208 10
208 70
20 202
20 61
20 229
20 284
20 32
20 251
20 19
20 286
20 142
20 0
20 263
20 265
20 255
20 222
20 55
20 11
20 223
202 145
202 60
202 90
202 13
202 253
202 156
202 229
202 154
202 70
202 210
202 2
202 180
240 43
240 24
240 238
240 19
240 219
240 127
240 279
240 111
240 291
240 191
240 90
240 172
240 46
240 294
240 261
2 184
2 105
2 226
2 95
2 19
2 284
2 142
2 132
2 252
2 232
2 156
2 123
2 178
2 36
2 134
2 258
2 212
2 169
2 237
184 294
184 287
184 146
184 130
184 11
184 223
184 125
184 79
184 23
184 236
184 24
184 258
184 41
184 170
43 27
43 133
43 19
43 246
43 22
43 33
43 268
43 149
43 116
43 53
43 206
43 13
43 65
158 212
158 287
158 127
158 23
158 9
158 271
158 41
158 219
158 22
158 66
158 231
158 116
158 149
158 100
41 261
41 253
41 76
41 212
41 36
41 146
41 213
41 25
41 48
41 139
41 237
41 105
41 10
41 65
261 254
261 238
261 229
261 0
261 36
261 145
261 244
261 61
261 258
261 172
261 125
261 126
261 156
261 10
261 70
61 90
61 191
61 53
61 135
61 213
61 69
61 170
61 137
61 114
61 105
61 23
61 26
61 132
61 253
61 210
61 134
61 179
90 175
90 119
90 288
90 265
90 278
90 247
90 135
90 236
90 170
90 33
90 72
90 53
90 11
90 206
263 253
263 221
263 251
263 154
263 35
263 135
263 116
263 146
263 210
263 25
263 111
263 144
263 126
263 156
27 175
27 243
27 89
27 275
27 189
27 135
27 236
27 13
27 180
27 159
27 26
27 149
27 139
27 229
27 297
292 268
292 10
292 223
292 120
292 132
292 135
292 290
292 149
31 46
31 170
31 237
31 85
31 152
31 230
31 13
31 189
10 210
10 33
10 265
10 98
10 111
10 254
10 70
10 278
10 290
10 149
10 83
10 206
10 271
82 149
82 250
82 295
82 85
82 79
82 165
82 26
82 288
82 134
82 212
82 224
82 226
82 180
82 66
149 146
149 172
149 144
149 79
149 286
149 178
149 23
149 234
224 111
224 144
224 11
224 175
224 26
224 9
224 246
224 176
224 123
224 138
224 55
224 165
224 152
224 169
224 276
229 236
229 35
229 165
229 133
229 252
229 297
229 191
229 159
229 70
229 226
229 123
229 134
230 26
230 247
230 237
230 76
230 139
230 282
230 236
230 165
230 238
230 252
230 124
234 13
234 210
234 191
234 23
234 287
234 276
234 156
234 265
234 124
234 290
234 132
234 133
238 165
238 116
238 286
238 215
238 275
238 48
238 191
238 231
238 137
238 247
238 282
238 223
238 70
254 48
254 139
254 226
254 154
254 223
254 70
254 98
254 177
254 294
246 257
246 11
246 48
246 294
246 177
246 142
246 23
246 120
246 138
246 19
246 288
246 69
257 48
257 9
257 70
257 124
257 203
257 190
257 66
257 221
257 69
257 290
257 116
257 130
265 222
265 178
265 269
265 287
265 132
265 116
265 210
265 25
265 213
265 32
177 222
177 9
177 290
177 191
177 139
177 294
177 35
177 69
177 95
32 189
32 287
32 290
32 178
32 190
32 180
32 48
32 169
32 126
32 237
32 130
32 255
9 286
9 190
9 124
9 179
9 116
9 138
9 271
9 152
9 144
219 83
219 100
219 250
219 232
219 111
219 65
219 60
219 13
215 269
215 125
215 175
215 231
215 70
215 189
215 154
215 105
215 247
215 22
269 0
269 48
269 13
269 65
269 46
269 142
269 291
269 134
269 222
269 203
269 100
269 152
175 210
175 60
175 232
175 179
175 105
175 203
175 291
175 72
175 53
175 297
175 142
211 253
211 223
211 172
211 258
211 23
211 190
211 174
211 169
211 250
211 53
211 83
211 161
211 231
211 178
275 253
275 221
275 251
275 135
275 271
275 138
275 213
275 85
275 100
275 130
275 255
11 213
11 137
11 146
11 161
11 271
11 284
11 251
11 232
11 231
258 146
258 276
258 279
258 212
258 178
258 221
258 123
258 156
258 203
258 232
258 33
258 69
133 236
133 226
133 89
133 163
133 142
133 253
133 22
133 190
133 144
133 232
133 189
236 111
236 100
236 98
236 191
236 142
236 255
236 206
236 174
236 55
236 221
236 132
85 159
85 174
85 0
85 53
85 130
85 120
85 134
85 255
85 48
85 232
85 268
85 114
159 243
159 210
159 191
159 279
159 98
159 26
159 137
159 35
159 19
46 222
46 55
46 189
46 70
46 145
46 213
46 180
46 278
46 250
46 226
46 206
46 66
46 154
46 144
297 13
297 250
297 70
297 132
297 36
297 66
297 161
297 89
297 255
286 223
286 123
286 156
286 124
286 36
286 279
286 165
286 288
286 244
286 12
286 65
286 79
286 210
286 142
83 33
83 72
83 295
83 252
83 251
83 142
83 243
83 79
83 154
83 290
83 178
83 226
212 221
212 178
212 25
212 213
212 206
212 284
212 119
212 130
212 253
212 169
212 232
35 26
35 243
35 76
35 174
35 123
35 191
35 223
35 213
35 203
35 291
35 124
95 179
95 156
95 69
95 72
95 53
95 170
95 252
95 120
95 89
95 288
95 144
19 250
19 60
19 105
19 231
19 132
19 288
19 65
19 55
19 79
19 203
19 268
19 172
250 295
250 221
250 165
250 287
250 191
250 56
250 89
250 24
250 76
250 222
26 176
26 79
26 170
26 127
26 0
26 22
13 176
13 156
13 12
13 172
13 126
13 72
13 206
13 152
13 253
13 98
176 243
176 222
176 189
176 179
176 279
176 100
176 213
176 0
176 125
176 295
176 284
291 152
291 180
291 145
291 24
291 124
291 0
291 33
291 63
291 132
189 145
189 244
189 190
189 290
189 247
189 33
189 12
98 111
98 156
98 170
98 63
98 163
98 276
98 132
98 210
139 287
139 63
139 144
139 255
139 222
139 12
139 156
139 111
139 226
139 105
139 206
161 190
161 232
161 69
161 247
161 279
161 25
161 142
161 60
161 137
161 210
190 125
190 253
190 268
190 222
190 119
190 22
190 284
190 251
244 231
244 48
244 288
244 223
244 123
244 154
244 55
244 69
244 165
244 146
244 179
12 279
12 135
12 36
12 127
12 179
12 25
12 206
12 23
12 287
12 156
123 163
123 251
123 223
123 288
123 247
123 0
123 137
163 237
163 72
163 174
163 206
163 130
163 152
163 251
163 253
163 222
210 178
210 24
210 174
210 63
210 146
210 232
210 111
210 65
135 137
135 48
135 287
135 76
135 288
135 144
135 268
135 179
135 66
135 138
137 116
137 165
137 253
137 145
137 127
137 70
287 138
287 24
287 63
287 36
287 282
145 268
145 65
145 125
145 138
145 132
145 0
145 252
145 251
145 130
223 25
223 243
223 271
223 100
223 130
156 284
156 251
156 24
156 288
156 126
156 282
276 154
276 221
276 290
276 132
276 0
276 213
276 79
276 142
48 191
48 279
48 69
48 72
48 114
48 63
48 53
48 174
48 294
48 65
48 243
120 130
120 60
120 66
120 111
120 79
120 282
120 174
120 252
120 294
130 105
130 295
130 125
130 191
124 72
124 22
124 63
124 152
124 237
124 66
111 203
111 60
111 172
111 36
111 69
111 25
111 154
89 142
89 25
89 288
89 144
89 134
89 232
89 222
89 169
89 33
89 203
89 172
89 282
142 126
142 116
142 172
142 251
116 66
116 294
116 231
116 144
116 105
60 76
60 134
60 232
60 213
60 56
60 55
213 271
213 79
213 172
213 33
213 36
213 132
243 170
243 284
243 119
243 295
243 125
253 76
253 172
253 279
253 251
253 165
253 119
253 100
253 127
63 126
63 53
63 271
63 251
63 125
63 203
63 179
126 251
126 268
126 170
126 72
134 154
134 278
134 222
134 178
134 36
134 66
134 268
134 295
222 23
222 268
53 174
53 295
53 206
53 279
53 125
53 170
105 0
105 25
105 146
105 191
105 125
105 23
226 127
226 65
226 278
226 268
226 203
226 206
226 23
66 172
66 23
66 146
66 279
66 203
66 114
172 100
172 278
172 247
172 56
172 294
172 76
76 154
76 146
76 0
76 72
76 114
76 127
76 295
191 255
191 125
191 282
191 55
191 36
25 170
25 268
25 100
23 100
23 22
23 152
231 146
231 180
231 114
231 295
231 70
79 232
79 169
79 290
79 221
79 70
79 206
79 294
232 138
232 72
232 165
55 65
55 165
55 36
55 179
55 178
55 72
279 144
279 278
279 284
279 237
279 203
279 179
146 144
146 70
146 100
165 271
165 24
165 174
165 22
165 278
165 169
165 114
165 203
271 294
271 152
271 138
271 282
174 100
174 221
174 255
174 144
174 56
178 127
178 125
178 154
178 24
178 114
290 255
290 119
70 119
70 255
70 169
70 206
70 294
70 284
119 127
119 237
119 206
119 221
119 278
119 138
221 24
221 69
221 179
221 65
221 144
294 180
294 33
294 203
152 65
252 22
252 169
252 125
252 278
72 282
72 284
72 56
251 132
251 247
251 288
251 114
24 144
24 179
24 170
24 114
24 169
284 0
284 255
282 268
282 255
282 127
282 288
282 56
180 56
180 170
180 69
22 138
22 56
22 154
22 288
22 69
22 203
247 125
247 138
247 132
255 268
255 295
255 169
255 0
255 127
33 295
33 56
33 69
33 127
33 169
203 169
203 278
203 268
203 170
203 69
138 278
138 268
138 132
127 36
278 69
278 100
278 288
0 100
0 114
154 69
154 125
56 288
56 169
295 268
295 170
237 69
36 132
169 69
144 69
114 170
268 65