300 3000
64 133
64 43
64 115
64 193
64 22
64 247
64 39
64 204
64 207
64 249
64 118
64 131
64 65
64 297
64 251
64 228
64 231
64 266
64 197
64 4
133 226
133 147
133 124
133 283
133 139
133 161
133 197
133 164
133 120
133 229
133 206
133 176
133 188
133 286
133 36
133 99
133 166
133 80
133 279
115 215
115 292
115 216
115 219
115 114
115 153
115 228
115 165
115 10
115 40
115 154
115 134
115 124
115 212
115 277
115 201
115 214
115 69
115 271
215 66
215 118
215 53
215 11
215 117
215 199
215 9
215 214
215 250
215 160
215 32
215 265
215 148
215 277
215 37
215 299
215 212
215 60
215 204
53 160
53 225
53 283
53 96
53 38
53 292
53 174
53 249
53 229
53 195
53 175
53 6
53 20
53 197
53 164
53 55
53 146
53 244
53 190
160 86
160 146
160 191
160 150
160 0
160 97
160 158
160 260
160 250
160 159
160 10
160 139
160 274
160 137
160 266
160 200
160 36
160 102
43 195
43 296
43 142
43 243
43 275
43 245
43 58
43 103
43 223
43 104
43 81
43 94
43 71
43 61
43 106
43 32
43 65
43 274
43 107
195 24
195 201
195 103
195 258
195 35
195 180
195 33
195 94
195 66
195 81
195 191
195 205
195 120
195 62
195 295
195 140
195 219
195 277
103 246
103 138
103 147
103 271
103 117
103 95
103 26
103 161
103 164
103 242
103 297
103 218
103 23
103 210
103 111
103 69
103 280
103 289
246 196
246 61
246 127
246 81
246 294
246 284
246 283
246 4
246 129
246 159
246 7
246 193
246 73
246 237
246 172
246 203
246 186
246 3
246 50
168 226
168 261
168 238
168 251
168 293
168 185
168 272
168 162
168 57
168 231
168 289
168 121
168 233
168 157
168 49
168 17
168 151
168 270
168 224
168 163
226 185
226 2
226 218
226 199
226 3
226 33
226 94
226 81
226 191
226 30
226 145
226 44
226 236
226 92
226 91
226 217
226 99
226 265
80 113
80 289
80 75
80 51
80 203
80 193
80 258
80 205
80 260
80 217
80 251
80 198
80 276
80 132
80 122
80 298
80 179
80 267
80 25
113 147
113 258
113 271
113 108
113 172
113 98
113 259
113 23
113 229
113 24
113 77
113 91
113 253
113 122
113 39
113 254
113 178
113 289
113 279
66 182
66 139
66 138
66 259
66 284
66 130
66 2
66 208
66 198
66 296
66 16
66 276
66 298
66 244
66 1
66 135
66 13
66 248
147 47
147 213
147 111
147 79
147 150
147 271
147 10
147 250
147 76
147 93
147 107
147 0
147 22
147 82
147 276
147 63
147 36
52 280
52 250
52 83
52 73
52 207
52 259
52 198
52 276
52 99
52 11
52 177
52 47
52 111
52 257
52 158
52 269
52 291
52 268
52 38
52 205
280 186
280 279
280 114
280 144
280 161
280 191
280 30
280 159
280 28
280 284
280 264
280 171
280 207
280 237
280 57
280 91
280 229
280 0
18 138
18 105
18 206
18 29
18 51
18 109
18 164
18 23
18 288
18 32
18 189
18 191
18 167
18 8
18 91
18 169
18 28
18 149
18 126
18 106
138 5
138 35
138 141
138 143
138 130
138 30
138 199
138 32
138 156
138 244
138 191
138 180
138 40
138 170
138 248
138 87
138 90
158 298
158 278
158 13
158 125
158 256
158 148
158 170
158 183
158 10
158 40
158 70
158 225
158 106
158 120
158 107
158 105
158 229
158 251
298 4
298 70
298 256
298 137
298 121
298 105
298 218
298 250
298 155
298 55
298 268
298 219
298 99
298 233
298 243
298 31
298 212
186 257
186 137
186 91
186 173
186 294
186 72
186 86
186 3
186 199
186 264
186 188
186 286
186 276
186 233
186 223
186 26
186 278
186 202
34 268
34 9
34 225
34 51
34 172
34 140
34 241
34 198
34 54
34 119
34 89
34 174
34 16
34 156
34 267
34 221
34 57
34 167
34 11
34 291
268 159
268 28
268 261
268 13
268 109
268 296
268 173
268 239
268 275
268 90
268 41
268 151
268 238
268 182
268 169
268 281
268 252
234 293
234 15
234 29
234 109
234 96
234 175
234 211
234 286
234 8
234 153
234 126
234 77
234 121
234 235
234 184
234 217
234 201
234 30
234 197
234 44
293 22
293 284
293 116
293 122
293 31
293 167
293 45
293 75
293 111
293 245
293 131
293 210
293 294
293 296
293 93
293 287
293 250
293 0
173 197
173 134
173 262
173 110
173 244
173 72
173 233
173 265
173 117
173 192
173 247
173 181
173 114
173 156
173 128
173 193
173 294
173 87
197 256
197 171
197 278
197 225
197 88
197 91
197 152
197 68
197 116
197 131
197 253
197 285
197 192
197 172
197 125
32 78
32 199
32 58
32 136
32 79
32 72
32 248
32 205
32 14
32 128
32 231
32 185
32 89
32 167
32 232
32 245
78 13
78 290
78 46
78 38
78 114
78 271
78 49
78 239
78 108
78 183
78 36
78 196
78 294
78 107
78 188
78 253
78 86
78 233
78 154
24 74
24 198
24 175
24 31
24 152
24 273
24 15
24 288
24 222
24 224
24 289
24 149
24 247
24 139
24 106
24 217
24 85
24 42
74 38
74 261
74 177
74 49
74 144
74 255
74 222
74 17
74 179
74 267
74 221
74 259
74 190
74 150
74 149
74 184
74 239
74 40
74 229
22 282
22 141
22 229
22 65
22 150
22 264
22 132
22 164
22 16
22 176
22 221
22 70
22 135
22 269
22 223
22 170
22 235
183 247
183 86
183 88
183 65
183 144
183 130
183 142
183 295
183 252
183 229
183 232
183 31
183 287
183 106
183 277
183 91
183 73
183 87
247 258
247 69
247 290
247 233
247 175
247 214
247 244
247 12
247 60
247 92
247 260
247 206
247 220
247 165
247 100
247 278
143 174
143 295
143 285
143 88
143 110
143 121
143 287
143 105
143 221
143 210
143 99
143 119
143 179
143 94
143 114
143 112
143 162
143 9
143 75
174 69
174 274
174 100
174 35
174 19
174 61
174 94
174 288
174 97
174 159
174 56
174 28
174 76
174 87
174 29
174 218
174 121
79 275
79 124
79 136
79 76
79 145
79 112
79 148
79 203
79 7
79 202
79 93
79 285
79 98
79 16
79 251
79 49
79 218
79 187
275 142
275 276
275 251
275 71
275 151
275 77
275 182
275 230
275 39
275 102
275 266
275 161
275 14
275 176
275 127
275 212
275 13
266 281
266 25
266 159
266 47
266 61
266 269
266 140
266 220
266 274
266 89
266 198
266 136
266 213
266 6
266 263
266 278
266 224
281 119
281 179
281 229
281 167
281 279
281 127
281 59
281 278
281 128
281 131
281 161
281 194
281 71
281 77
281 110
281 5
281 220
281 207
98 288
98 58
98 232
98 245
98 244
98 126
98 57
98 137
98 225
98 159
98 106
98 63
98 6
98 249
98 262
98 67
98 196
98 287
288 142
288 11
288 145
288 224
288 96
288 10
288 225
288 58
288 140
288 121
288 184
288 49
288 253
288 251
288 118
288 51
70 77
70 165
70 31
70 99
70 29
70 177
70 154
70 62
70 252
70 27
70 157
70 192
70 181
70 194
70 161
70 130
70 87
77 87
77 4
77 232
77 245
77 8
77 202
77 244
77 92
77 49
77 1
77 62
77 260
77 285
77 141
77 95
54 218
54 41
54 68
54 287
54 188
54 224
54 122
54 279
54 102
54 278
54 14
54 248
54 202
54 9
54 270
54 260
54 51
54 272
54 274
218 139
218 93
218 136
218 286
218 253
218 146
218 242
218 14
218 148
218 214
218 276
218 212
218 56
218 40
73 231
73 87
73 35
73 155
73 17
73 242
73 209
73 148
73 190
73 205
73 23
73 106
73 207
73 295
73 71
73 206
73 107
231 27
231 57
231 85
231 221
231 20
231 260
231 146
231 282
231 84
231 199
231 33
231 63
231 219
231 286
231 194
231 252
21 41
21 162
21 253
21 230
21 164
21 252
21 65
21 297
21 68
21 16
21 19
21 44
21 155
21 20
21 56
21 214
21 50
21 27
21 249
21 82
41 264
41 175
41 19
41 199
41 189
41 287
41 221
41 90
41 211
41 248
41 225
41 106
41 83
41 171
41 63
41 85
41 37
60 261
60 20
60 253
60 200
60 154
60 232
60 179
60 254
60 146
60 12
60 213
60 61
60 182
60 116
60 250
60 227
60 108
60 75
261 134
261 165
261 149
261 179
261 122
261 276
261 248
261 213
261 97
261 114
261 86
261 112
261 284
261 153
261 171
261 155
100 105
100 225
100 192
100 23
100 240
100 184
100 272
100 228
100 58
100 185
100 132
100 122
100 68
100 144
100 265
100 166
100 267
100 299
105 5
105 16
105 140
105 33
105 20
105 89
105 254
105 244
105 46
105 259
105 190
105 56
105 40
105 57
105 58
199 249
199 238
199 228
199 260
199 90
199 137
199 170
199 68
199 254
199 177
199 15
199 201
199 108
257 274
257 96
257 162
257 209
257 27
257 29
257 264
257 245
257 276
257 222
257 217
257 141
257 102
257 182
257 30
257 282
257 16
257 229
58 108
58 208
58 86
58 243
58 131
58 242
58 134
58 290
58 136
58 299
58 270
58 129
58 47
58 151
108 221
108 7
108 125
108 223
108 258
108 114
108 214
108 272
108 45
108 97
108 95
108 130
108 185
108 286
108 263
295 222
295 35
295 165
295 122
295 47
295 0
295 249
295 62
295 297
295 129
295 208
295 28
295 274
295 289
295 27
295 273
201 273
201 28
201 127
201 112
201 194
201 8
201 38
201 154
201 2
201 0
201 20
201 249
201 119
201 163
201 136
201 44
273 27
273 283
273 296
273 287
273 36
273 249
273 230
273 97
273 50
273 81
273 96
273 44
273 228
273 106
273 156
273 107
273 26
162 165
162 16
162 214
162 249
162 161
162 96
162 44
162 25
162 159
162 285
162 93
162 153
162 126
162 297
162 4
162 221
165 9
165 88
165 196
165 155
165 55
165 264
165 151
165 149
165 152
165 45
165 59
165 128
165 289
165 236
87 228
87 264
87 200
87 16
87 0
87 277
87 267
87 69
87 256
87 193
87 248
87 239
87 206
59 189
59 221
59 224
59 155
59 69
59 48
59 81
59 202
59 23
59 282
59 229
59 35
59 132
59 109
59 86
59 50
59 121
59 219
189 196
189 95
189 161
189 277
189 89
189 107
189 137
189 33
189 50
189 193
189 86
189 67
189 136
189 169
189 283
189 94
189 75
125 134
125 117
125 15
125 211
125 81
125 92
125 190
125 40
125 227
125 104
125 163
125 101
125 208
125 55
125 85
125 118
125 142
134 265
134 88
134 178
134 191
134 256
134 118
134 236
134 132
134 84
134 30
134 47
134 260
134 250
134 62
134 114
65 232
65 23
65 93
65 10
65 135
65 117
65 63
65 141
65 20
65 252
65 196
65 175
65 42
65 89
65 144
232 131
232 249
232 205
232 220
232 37
232 284
232 207
232 104
232 110
232 184
232 262
232 254
232 132
232 290
31 90
31 47
31 112
31 260
31 171
31 229
31 294
31 163
31 107
31 14
31 253
31 76
31 33
31 55
31 68
90 13
90 142
90 278
90 166
90 156
90 299
90 223
90 259
90 193
90 114
90 235
90 182
90 83
90 11
90 239
28 299
28 69
28 167
28 258
28 71
28 149
28 93
28 15
28 292
28 274
28 240
28 253
28 209
28 244
222 144
222 145
222 38
222 123
222 91
222 170
222 121
222 85
222 69
222 198
222 122
222 294
222 196
222 1
222 296
222 253
122 128
122 56
122 12
122 27
122 172
122 139
122 23
122 72
122 198
122 220
122 277
122 224
128 36
128 83
128 171
128 117
128 149
128 283
128 152
128 240
128 81
128 111
128 13
128 126
128 272
128 76
128 177
166 171
166 282
166 236
166 249
166 46
166 26
166 182
166 285
166 262
166 124
166 274
166 299
166 102
166 223
166 179
166 267
166 191
171 35
171 217
171 145
171 200
171 127
171 62
171 92
171 46
171 156
171 192
171 4
171 26
171 258
13 276
13 135
13 92
13 69
13 124
13 114
13 169
13 204
13 194
13 19
13 84
13 296
13 33
4 109
4 121
4 111
4 44
4 177
4 235
4 270
4 126
4 17
4 7
4 272
4 49
4 6
4 185
109 40
109 76
109 277
109 38
109 254
109 71
109 101
109 63
109 225
109 282
109 141
109 45
109 120
109 81
109 296
204 283
204 101
204 6
204 262
204 242
204 67
204 209
204 297
204 191
204 241
204 208
204 9
204 127
204 235
204 237
204 292
204 184
283 251
283 102
283 292
283 3
283 15
283 249
283 230
283 294
283 95
283 96
283 208
283 26
283 278
164 210
164 124
164 167
164 155
164 212
164 237
164 214
164 206
164 55
164 185
164 227
164 112
164 254
164 286
210 205
210 129
210 56
210 110
210 121
210 16
210 39
210 99
210 260
210 163
210 185
210 117
210 45
210 276
210 253
210 177
69 238
69 15
69 188
69 276
69 99
69 144
69 209
69 35
69 191
69 17
69 180
238 284
238 83
238 67
238 240
238 47
238 202
238 17
238 92
238 144
238 289
238 192
238 209
238 29
238 123
238 91
238 82
101 270
101 207
101 9
101 76
101 254
101 71
101 263
101 253
101 177
101 157
101 290
101 83
101 224
101 180
101 104
101 48
101 81
270 72
270 102
270 178
270 277
270 15
270 81
270 175
270 291
270 251
270 139
270 110
270 198
270 272
270 187
270 16
76 97
76 208
76 7
76 99
76 156
76 289
76 181
76 135
76 116
76 227
76 119
76 140
76 153
97 71
97 135
97 2
97 271
97 248
97 33
97 228
97 50
97 161
97 285
97 176
97 175
97 56
97 10
208 253
208 207
208 225
208 202
208 6
208 67
208 130
208 42
208 217
208 81
208 219
208 112
208 37
253 104
253 118
253 83
253 150
253 15
253 29
253 205
33 172
33 106
33 217
33 27
33 8
33 163
33 284
33 140
33 153
33 170
33 245
33 81
172 20
172 146
172 30
172 200
172 1
172 12
172 62
172 92
172 56
172 27
172 185
172 194
172 252
172 219
207 193
207 240
207 149
207 17
207 127
207 291
207 245
207 178
207 61
207 269
207 294
207 140
89 152
89 188
89 40
89 242
89 179
89 169
89 136
89 181
89 256
89 102
89 192
89 0
89 130
89 264
152 203
152 291
152 263
152 240
152 63
152 55
152 85
152 175
152 62
152 92
152 179
152 267
152 159
152 140
152 56
35 181
35 85
35 140
35 185
35 240
35 242
35 17
35 148
35 82
35 180
35 192
35 51
181 16
181 3
181 20
181 161
181 129
181 15
181 106
181 216
181 120
181 107
181 185
181 230
181 68
181 83
181 264
228 163
228 136
228 39
228 130
228 145
228 175
228 192
228 61
228 286
228 170
228 262
228 141
228 274
86 258
86 271
86 225
86 27
86 285
86 2
86 163
86 297
86 6
86 142
86 144
86 123
118 237
118 250
118 282
118 85
118 20
118 284
118 188
118 132
118 200
118 169
118 224
118 57
118 213
118 180
188 42
188 120
188 153
188 284
188 254
188 40
188 223
188 182
188 117
188 19
188 236
188 112
188 129
9 299
9 276
9 23
9 26
9 124
9 290
9 182
9 214
9 72
9 193
9 107
9 263
9 254
264 277
264 124
264 184
264 155
264 150
264 294
264 233
264 263
264 46
264 194
264 260
1 224
1 170
1 39
1 139
1 93
1 129
1 227
1 83
1 17
1 72
1 163
1 251
1 243
1 255
1 111
1 245
224 45
224 200
224 27
224 57
224 121
224 260
224 296
224 68
224 239
224 102
139 274
139 136
139 265
139 255
139 212
139 61
139 46
139 271
139 248
139 250
139 141
139 252
274 252
274 50
274 135
274 117
274 180
274 214
274 37
274 241
274 256
217 230
217 37
217 83
217 254
217 196
217 14
217 12
217 62
217 11
217 209
217 156
217 184
230 290
230 267
230 223
230 269
230 294
230 50
230 116
230 297
230 287
230 241
230 44
230 94
230 243
230 203
51 81
51 8
51 123
51 57
51 259
51 262
51 209
51 294
51 120
51 187
51 157
51 278
51 37
51 124
81 267
81 136
81 131
81 284
81 155
81 276
68 250
68 229
68 150
68 10
68 57
68 38
68 263
68 277
68 221
68 225
68 192
68 12
250 223
250 135
250 67
250 254
250 127
250 114
250 126
250 137
250 170
150 289
150 136
150 225
150 131
150 209
150 241
150 263
150 62
150 255
150 212
150 179
150 8
150 39
289 244
289 127
289 95
289 157
289 37
289 40
289 267
289 36
289 194
289 11
67 291
67 12
67 42
67 96
67 10
67 229
67 241
67 263
67 119
67 155
67 6
67 17
67 20
67 102
291 169
291 241
291 15
291 259
291 177
291 194
291 37
291 225
291 209
291 221
291 110
291 121
291 220
291 219
258 130
258 182
258 227
258 255
258 193
258 284
258 221
258 123
258 110
258 170
258 3
258 36
137 206
137 219
137 116
137 297
137 42
137 233
137 111
137 290
137 26
137 126
137 248
137 124
137 240
206 262
206 6
206 132
206 233
206 235
206 45
206 111
206 62
206 95
206 145
206 193
206 296
206 71
2 161
2 262
2 95
2 107
2 205
2 119
2 132
2 146
2 267
2 102
2 36
2 48
2 149
2 237
2 93
161 212
161 55
161 179
161 84
161 236
161 75
161 114
161 262
161 159
299 91
299 269
299 37
299 119
299 169
299 248
299 282
299 233
299 130
299 142
299 297
299 205
299 227
149 180
149 271
149 184
149 239
149 45
149 296
149 145
149 26
149 278
149 88
149 110
180 61
180 75
180 227
180 129
180 252
180 10
180 219
180 297
180 187
180 169
180 16
180 167
182 39
182 136
182 14
182 196
182 112
182 56
182 10
182 190
182 255
182 0
256 255
256 75
256 29
256 156
256 276
256 202
256 19
256 3
256 282
256 6
256 233
256 50
256 146
16 154
16 255
16 176
16 57
16 56
16 124
16 116
285 154
285 187
285 141
285 55
285 179
285 63
285 112
285 297
285 96
285 14
285 244
285 120
290 20
290 62
290 243
290 42
290 297
290 184
290 23
290 193
290 223
290 6
290 99
290 216
95 245
95 212
95 0
95 236
95 94
95 249
95 107
95 7
95 286
95 142
95 71
95 167
245 191
245 211
245 42
245 141
245 10
245 36
245 38
245 151
245 263
245 265
25 190
25 157
25 227
25 259
25 249
25 127
25 23
25 107
25 5
25 7
25 240
25 220
25 154
25 287
25 14
25 267
25 44
44 279
44 27
44 278
44 104
44 94
44 116
44 37
44 272
44 240
44 99
44 29
279 12
279 37
279 223
279 176
279 237
279 209
279 272
279 120
279 153
279 107
279 271
279 5
279 39
279 72
159 187
159 255
159 235
159 148
159 15
159 48
159 203
159 26
159 262
159 91
119 193
119 38
119 104
119 260
119 240
119 82
119 163
119 287
119 263
119 243
119 167
119 202
193 169
193 49
193 48
193 254
193 11
193 145
193 156
12 36
12 235
12 179
12 192
12 237
12 269
12 85
12 42
12 132
12 131
12 252
12 110
223 148
223 46
223 40
223 255
223 8
223 202
223 82
223 85
223 83
144 23
144 37
144 38
144 259
144 213
144 249
144 3
144 20
144 151
144 30
144 190
124 196
124 153
124 175
124 296
124 286
124 132
124 187
124 179
124 36
117 203
117 0
117 6
117 94
117 36
117 184
117 282
117 216
117 185
117 220
117 178
94 221
94 178
94 213
94 190
94 14
94 48
94 37
94 10
94 294
94 177
221 203
221 155
221 8
221 151
221 243
221 255
221 5
271 84
271 136
271 169
271 260
271 241
271 244
271 45
271 46
271 236
271 251
27 19
27 187
27 55
27 211
27 57
27 71
27 260
27 30
219 121
219 269
219 36
219 151
219 163
219 61
219 265
219 244
219 194
219 175
178 220
178 212
178 154
178 157
178 40
178 136
178 240
178 184
178 187
178 239
178 39
178 241
178 130
178 129
220 93
220 5
220 82
220 132
220 198
220 167
220 15
220 127
220 212
220 114
220 296
267 241
267 176
267 212
267 187
267 6
267 17
267 294
267 260
42 191
42 92
42 46
42 61
42 163
42 120
42 99
42 154
42 55
42 45
42 146
88 294
88 130
88 110
88 131
88 244
88 211
88 55
88 85
88 39
88 72
88 114
88 84
88 14
88 151
282 102
282 75
282 46
282 10
282 237
282 38
282 120
282 254
282 135
282 198
225 146
225 237
225 190
225 104
225 187
225 242
99 192
99 10
99 49
99 198
99 132
99 187
99 177
99 203
192 30
192 46
192 110
192 205
192 227
192 140
192 242
192 136
278 120
278 110
278 190
278 155
278 85
278 71
278 83
278 48
19 83
19 292
19 72
19 6
19 296
19 45
19 287
19 191
19 112
19 236
19 91
19 127
19 38
83 17
83 216
83 241
83 240
83 276
83 132
83 213
153 163
153 176
153 251
153 185
153 37
153 3
153 63
153 167
153 260
153 272
153 239
163 49
163 262
163 84
163 198
163 112
163 202
163 244
39 61
39 237
39 284
39 176
39 177
39 242
39 211
39 82
39 170
61 50
61 191
61 102
61 200
61 213
61 106
61 292
61 251
37 63
37 254
37 276
37 292
37 184
198 123
198 85
198 72
198 136
198 243
198 167
198 129
205 179
205 30
205 259
205 213
205 294
205 194
205 209
205 110
205 82
123 140
123 111
123 155
123 7
123 57
123 277
123 71
123 104
123 126
123 110
123 214
123 269
123 213
123 3
140 3
140 17
140 187
140 265
140 292
140 8
140 151
140 38
146 29
146 11
146 26
146 184
146 91
146 5
146 17
146 269
146 236
146 203
203 252
203 15
203 48
203 114
203 46
203 96
203 8
203 259
203 248
203 0
296 141
296 30
296 11
296 211
296 15
296 145
57 176
57 26
57 17
57 214
57 216
57 196
57 11
196 259
196 3
196 169
196 297
196 111
196 46
196 142
196 145
196 23
116 20
116 129
116 175
116 286
116 142
116 263
116 7
116 287
116 156
116 93
116 104
116 5
142 265
142 287
142 82
142 72
142 102
142 209
142 176
142 276
142 243
47 148
47 236
47 235
47 104
47 23
47 292
47 184
47 38
47 5
47 240
47 0
47 287
15 114
15 85
15 23
15 45
15 287
262 184
262 265
262 48
262 194
262 175
262 241
262 71
262 126
46 269
46 200
46 71
46 38
46 62
46 0
46 177
111 287
111 190
111 38
111 49
111 272
111 284
111 263
111 155
111 154
287 236
287 286
287 216
287 63
131 265
131 7
131 214
131 130
131 248
131 229
131 129
131 241
131 211
131 233
265 148
265 292
265 26
265 251
265 156
265 235
265 135
265 62
38 185
38 169
38 93
56 121
56 209
56 112
56 49
56 157
56 126
56 30
56 75
56 48
276 187
276 82
248 292
248 213
248 243
248 96
248 239
248 141
248 237
292 216
292 63
292 233
292 191
292 175
292 157
292 269
292 254
154 252
154 297
154 151
154 167
154 212
154 63
154 85
154 191
154 237
8 23
8 121
8 156
8 269
8 200
8 92
8 202
8 50
8 75
175 93
175 14
175 209
175 96
175 148
284 233
284 50
284 214
284 62
284 148
284 236
242 254
242 187
242 239
242 240
242 185
242 216
242 30
242 148
242 263
242 209
254 187
254 20
254 176
176 91
176 233
176 179
176 130
176 17
176 84
176 14
176 45
20 96
20 141
20 129
20 3
20 190
50 169
50 227
50 63
50 272
50 75
50 45
50 132
50 190
169 126
169 156
169 157
169 277
169 10
169 5
29 233
29 236
29 17
29 235
29 212
29 71
29 48
29 126
29 286
29 240
259 229
259 114
259 212
259 62
259 104
259 91
259 72
277 120
277 157
277 63
277 55
277 6
277 72
277 151
62 179
62 237
62 75
62 243
179 104
179 241
179 212
236 235
236 107
236 269
236 141
236 82
236 263
23 187
23 10
23 235
23 104
187 93
187 214
187 269
36 126
36 241
36 297
36 211
36 269
36 170
126 145
126 200
126 237
126 191
126 106
126 240
212 91
212 30
212 127
104 297
104 84
104 48
104 141
104 239
104 216
297 91
297 190
297 191
5 7
5 272
5 11
5 10
5 211
5 145
5 49
5 170
5 84
3 214
3 194
3 75
3 251
3 209
3 244
3 233
214 96
214 156
214 7
214 84
129 157
129 255
129 48
129 170
129 237
129 26
129 45
148 200
148 92
148 11
148 170
148 194
148 7
148 229
72 84
72 48
72 241
72 11
72 255
72 40
84 157
84 63
84 120
84 286
84 255
84 145
84 135
84 112
184 243
184 14
184 96
184 213
63 0
63 48
63 141
63 102
167 96
167 93
167 110
167 239
167 233
167 48
191 145
191 6
294 263
294 130
294 92
294 26
185 120
185 49
185 17
185 213
185 7
209 211
209 71
209 127
211 92
211 255
211 157
211 202
211 240
211 200
211 102
211 30
7 6
7 156
7 14
7 127
7 75
7 251
249 272
249 233
249 177
249 252
249 110
71 91
71 151
71 272
200 106
200 120
200 157
200 85
200 130
200 92
200 202
40 243
40 121
40 112
40 233
40 237
40 151
45 269
45 92
45 114
45 227
45 272
252 157
252 55
252 85
252 135
252 127
252 30
110 55
110 127
110 260
121 96
121 155
121 244
121 135
251 155
251 135
251 243
251 26
106 155
106 102
106 255
106 14
106 26
106 216
244 91
244 136
244 151
82 227
82 216
82 48
82 120
82 241
82 286
82 145
82 49
227 11
227 14
227 213
227 177
227 194
227 120
227 170
157 11
157 235
157 85
157 49
272 155
272 6
272 85
272 237
112 255
112 156
112 216
112 170
112 194
255 10
255 55
255 11
177 235
177 93
177 216
177 240
177 151
235 14
235 92
235 156
235 91
235 49
96 0
96 190
96 241
93 241
93 102
93 216
93 229
241 135
11 114
11 260
11 216
145 107
145 194
145 263
145 30
75 170
75 0
75 239
75 107
75 263
10 130
202 269
202 239
202 216
202 55
202 243
202 135
269 0
269 49
155 194
155 156
194 55
194 151
141 30
141 243
141 190
141 127
237 263
237 102
263 151
229 135
229 239
243 190
243 216
243 17
240 286
14 190
14 239
190 135
130 132
130 92
130 135
136 239
136 132
0 30
0 92
120 286
120 132
286 107
286 213
286 114
6 213
6 26
127 239
127 49
17 213
216 260
216 48
102 49
55 26
55 156
92 132
85 26
239 107
213 132
213 135
151 48
170 48
170 107