300 10500
165 216
165 258
165 271
165 143
165 154
165 16
165 251
165 198
165 211
165 122
165 187
165 189
165 78
165 29
165 191
165 131
165 161
165 142
165 180
165 193
165 87
165 38
165 173
165 186
165 36
165 254
165 149
165 243
165 256
165 190
165 232
165 94
165 247
165 98
165 158
165 181
165 54
165 185
165 137
165 18
165 3
165 218
165 135
165 286
165 299
165 80
165 42
165 144
165 224
165 125
165 171
165 292
165 148
165 10
165 104
165 157
165 138
165 151
165 221
165 83
165 113
165 223
165 117
165 265
165 81
165 111
165 62
165 13
165 214
165 96
216 234
216 105
216 35
216 69
216 50
216 197
216 148
216 172
216 123
216 153
216 142
216 299
216 206
216 187
216 246
216 27
216 38
216 136
216 215
216 239
216 55
216 6
216 200
216 17
216 130
216 296
216 30
216 11
216 175
216 94
216 209
216 143
216 124
216 184
216 289
216 73
216 137
216 88
216 182
216 133
216 227
216 282
216 52
216 42
216 125
216 170
216 40
216 155
216 257
216 119
216 270
216 149
216 248
216 132
216 250
216 117
216 192
216 81
216 111
216 241
216 254
216 96
216 243
216 7
216 37
216 298
216 245
216 41
216 135
247 255
247 22
247 52
247 3
247 131
247 112
247 195
247 225
247 176
247 125
247 250
247 252
247 193
247 55
247 198
247 256
247 0
247 258
247 211
247 162
247 241
247 192
247 251
247 245
247 293
247 13
247 156
247 171
247 41
247 135
247 86
247 299
247 218
247 169
247 39
247 99
247 95
247 84
247 44
247 129
247 159
247 294
247 78
247 283
247 153
247 236
247 187
247 138
247 217
247 87
247 38
247 2
247 117
247 267
247 280
247 81
247 111
247 130
247 145
247 284
247 64
247 15
247 260
247 73
247 188
247 264
247 122
247 182
247 163
255 147
255 98
255 177
255 128
255 256
255 181
255 226
255 88
255 141
255 171
255 235
255 291
255 33
255 135
255 218
255 248
255 180
255 114
255 46
255 208
255 242
255 290
255 104
255 279
255 292
255 138
255 49
255 251
255 72
255 53
255 34
255 113
255 185
255 136
255 272
255 47
255 219
255 13
255 92
255 243
255 26
255 265
255 228
255 209
255 184
255 282
255 207
255 284
255 118
255 99
255 260
255 163
255 167
255 97
255 231
255 59
255 112
255 266
255 189
255 91
255 223
255 21
255 155
255 66
255 119
255 232
255 183
255 64
255 75
151 281
151 138
151 270
151 162
151 283
151 230
151 53
151 83
151 285
151 287
151 155
151 276
151 32
151 157
151 96
151 26
151 139
151 41
151 143
151 218
151 194
151 39
151 118
151 69
151 99
151 133
151 78
151 59
151 23
151 4
151 244
151 191
151 38
151 110
151 91
151 121
151 195
151 55
151 36
151 66
151 100
151 11
151 241
151 15
151 298
151 245
151 9
151 249
151 18
151 225
151 172
151 293
151 101
151 33
151 116
151 229
151 242
151 1
151 12
151 286
151 178
151 233
151 95
151 46
151 290
151 10
151 237
151 123
151 74
281 132
281 215
281 196
281 62
281 243
281 194
281 11
281 224
281 90
281 120
281 143
281 173
281 35
281 207
281 69
281 99
281 50
281 235
281 29
281 131
281 23
281 214
281 244
281 195
281 225
281 27
281 8
281 38
281 299
281 170
281 2
281 174
281 204
281 155
281 115
281 290
281 149
281 130
281 183
281 277
281 94
281 45
281 75
281 275
281 156
281 271
281 88
281 250
281 33
281 254
281 135
281 67
281 218
281 248
281 31
281 284
281 46
281 125
281 40
281 172
281 257
281 104
281 236
281 187
281 4
281 138
281 217
281 19
281 270
266 268
266 47
266 28
266 9
266 92
266 77
266 156
266 190
266 7
266 220
266 274
266 41
266 248
266 150
266 99
266 233
266 148
266 44
266 208
266 78
266 108
266 123
266 206
266 23
266 157
266 57
266 251
266 132
266 2
266 17
266 51
266 11
266 224
266 94
266 45
266 258
266 75
266 60
266 90
266 79
266 109
266 143
266 154
266 296
266 39
266 118
266 285
266 22
266 52
266 186
266 33
266 167
266 127
266 276
266 131
266 278
266 291
266 76
266 282
266 140
266 40
266 204
266 21
266 134
266 168
266 198
266 49
266 183
266 262
268 98
268 211
268 28
268 241
268 294
268 51
268 62
268 156
268 26
268 239
268 56
268 298
268 41
268 71
268 289
268 5
268 218
268 248
268 150
268 233
268 148
268 295
268 261
268 78
268 108
268 59
268 273
268 112
268 206
268 236
268 288
268 240
268 215
268 279
268 166
268 55
268 219
268 230
268 11
268 145
268 175
268 15
268 228
268 209
268 109
268 143
268 222
268 124
268 43
268 256
268 77
268 88
268 122
268 18
268 103
268 269
268 101
268 265
268 116
268 131
268 210
268 225
268 259
268 253
268 234
268 153
268 299
268 232
268 213
65 278
65 78
65 199
65 146
65 36
65 190
65 137
65 205
65 273
65 73
65 141
65 262
65 185
65 200
65 121
65 202
65 244
65 299
65 7
65 191
65 125
65 127
65 182
65 35
65 20
65 294
65 241
65 296
65 44
65 287
65 23
65 4
65 168
65 181
65 38
65 53
65 104
65 159
65 106
65 227
65 295
65 17
65 62
65 176
65 231
65 30
65 152
65 167
65 288
65 60
65 101
65 169
65 158
65 292
65 24
65 54
65 213
65 105
65 39
65 147
65 94
65 215
65 283
65 85
65 219
65 140
65 153
65 42
65 210
65 57
278 95
278 129
278 208
278 25
278 89
278 261
278 29
278 123
278 153
278 134
278 206
278 23
278 236
278 4
278 138
278 27
278 240
278 57
278 200
278 17
278 111
278 96
278 175
278 205
278 15
278 228
278 75
278 222
278 237
278 292
278 163
278 82
278 78
278 298
278 112
278 244
278 274
278 42
278 110
278 140
278 121
278 280
278 193
278 204
278 21
278 55
278 295
278 257
278 130
278 34
278 147
278 181
278 260
278 43
278 32
278 245
278 156
278 58
278 220
278 37
278 201
278 86
278 146
278 218
278 35
278 180
278 20
278 114
49 270
49 83
49 14
49 206
49 208
49 142
49 89
49 252
49 144
49 27
49 38
49 133
49 254
49 201
49 137
49 36
49 181
49 128
49 183
49 117
49 251
49 185
49 119
49 253
49 121
49 43
49 176
49 231
49 178
49 299
49 191
49 112
49 125
49 246
49 22
49 3
49 103
49 116
49 292
49 118
49 31
49 52
49 228
49 120
49 175
49 56
49 98
49 221
49 234
49 289
49 159
49 34
49 214
49 106
49 295
49 229
49 97
49 32
49 37
49 101
49 222
49 143
49 156
49 77
49 5
49 94
49 215
49 257
270 296
270 102
270 147
270 298
270 166
270 9
270 51
270 276
270 289
270 145
270 239
270 56
270 7
270 37
270 280
270 218
270 169
270 248
270 199
270 16
270 229
270 20
270 103
270 84
270 48
270 127
270 261
270 78
270 108
270 23
270 176
270 106
270 240
270 57
270 2
270 274
270 249
270 66
270 200
270 179
270 130
270 194
270 224
270 45
270 75
270 128
270 43
270 24
270 18
270 141
270 101
270 235
270 186
270 3
270 146
270 1
270 244
270 288
270 129
270 159
270 134
270 292
270 168
270 198
270 187
270 232
21 208
21 10
21 142
21 63
21 199
21 120
21 133
21 201
21 256
21 258
21 126
21 196
21 117
21 238
21 130
21 185
21 119
21 240
21 295
21 242
21 176
21 189
21 5
21 46
21 167
21 59
21 180
21 290
21 116
21 237
21 37
21 239
21 54
21 175
21 109
21 230
21 8
21 164
21 177
21 153
21 287
21 100
21 113
21 234
21 47
21 168
21 289
21 212
21 146
21 106
21 27
21 148
21 269
21 229
21 271
21 163
21 218
21 156
21 90
21 24
21 200
21 81
21 202
21 12
21 259
21 140
21 74
208 276
208 223
208 123
208 134
208 267
208 282
208 72
208 273
208 51
208 160
208 120
208 124
208 105
208 5
208 257
208 50
208 14
208 250
208 97
208 127
208 78
208 59
208 112
208 241
208 243
208 232
208 110
208 6
208 36
208 249
208 291
208 168
208 149
208 179
208 293
208 227
208 64
208 147
208 128
208 158
208 284
208 297
208 231
208 192
208 207
208 54
208 220
208 107
208 88
208 190
208 171
208 201
208 237
208 22
208 82
208 33
208 63
208 226
208 80
208 42
208 144
208 219
208 129
208 193
208 10
136 158
136 213
136 173
136 162
136 283
136 28
136 217
136 164
136 285
136 92
136 219
136 107
136 58
136 26
136 7
136 142
136 37
136 276
136 289
136 135
136 212
136 80
136 148
136 150
136 14
136 141
136 74
136 134
136 145
136 8
136 53
136 147
136 47
136 36
136 66
136 32
136 96
136 250
136 197
136 239
136 105
136 188
136 243
136 232
136 133
136 84
136 181
136 249
136 127
136 108
136 291
136 112
136 172
136 185
136 161
136 295
136 76
136 106
136 229
136 242
136 297
136 110
136 231
136 233
136 6
136 235
136 277
136 169
158 28
158 81
158 62
158 13
158 178
158 193
158 56
158 182
158 250
158 184
158 239
158 173
158 39
158 118
158 69
158 20
158 50
158 188
158 190
158 44
158 234
158 223
158 238
158 106
158 8
158 110
158 161
158 295
158 155
158 36
158 286
158 130
158 30
158 211
158 79
158 109
158 9
158 228
158 162
158 126
158 156
158 107
158 272
158 22
158 52
158 3
158 150
158 199
158 144
158 46
158 258
158 40
158 271
158 205
158 93
158 123
158 104
158 194
158 157
158 138
158 0
158 251
158 198
158 102
158 34
158 253
53 160
53 94
53 83
53 204
53 39
53 85
53 18
53 153
53 274
53 74
53 52
53 3
53 155
53 210
53 78
53 133
53 267
53 42
53 69
53 203
53 271
53 71
53 260
53 19
53 64
53 240
53 132
53 253
53 79
53 242
53 68
53 57
53 70
53 112
53 259
53 22
53 237
53 252
53 294
53 186
53 241
53 20
53 122
53 50
53 243
53 287
53 234
53 289
53 115
53 280
53 93
53 106
53 8
53 284
53 231
53 6
53 36
53 51
53 233
53 154
53 209
53 101
53 30
53 222
53 103
53 279
160 113
160 169
160 224
160 32
160 228
160 272
160 164
160 206
160 41
160 120
160 71
160 287
160 221
160 69
160 99
160 50
160 18
160 214
160 48
160 59
160 192
160 205
160 194
160 207
160 12
160 275
160 87
160 209
160 253
160 55
160 66
160 100
160 244
160 64
160 180
160 248
160 184
160 197
160 73
160 137
160 254
160 243
160 22
160 177
160 146
160 1
160 61
160 144
160 238
160 172
160 129
160 25
160 240
160 282
160 295
160 229
160 242
160 93
160 123
160 74
160 153
160 134
160 157
160 286
160 299
160 68
160 167
160 8
180 201
180 179
180 256
180 11
180 203
180 64
180 45
180 205
180 143
180 173
180 275
180 43
180 251
180 18
180 141
180 3
180 82
180 189
180 246
180 150
180 31
180 61
180 42
180 10
180 70
180 241
180 93
180 296
180 68
180 245
180 13
180 92
180 96
180 175
180 56
180 7
180 120
180 124
180 35
180 222
180 39
180 118
180 277
180 99
180 50
180 224
180 279
180 84
180 14
180 148
180 294
180 127
180 131
180 285
180 219
180 274
180 38
180 140
180 91
180 223
180 199
180 55
180 85
180 17
180 267
201 12
201 42
201 114
201 46
201 264
201 129
201 40
201 253
201 172
201 123
201 153
201 134
201 0
201 166
201 28
201 164
201 254
201 175
201 37
201 60
201 90
201 120
201 71
201 173
201 99
201 97
201 295
201 48
201 242
201 297
201 112
201 231
201 220
201 233
201 27
201 106
201 57
201 222
201 235
201 121
201 290
201 2
201 174
201 279
201 55
201 213
201 179
201 30
201 283
201 15
201 206
201 128
201 109
201 73
201 54
201 126
201 137
201 88
201 186
201 203
201 116
201 67
201 169
201 199
201 150
125 265
125 133
125 146
125 64
125 15
125 94
125 75
125 256
125 137
125 107
125 58
125 249
125 262
125 196
125 130
125 101
125 52
125 253
125 116
125 299
125 246
125 259
125 127
125 250
125 74
125 292
125 252
125 19
125 72
125 177
125 298
125 245
125 179
125 81
125 13
125 92
125 225
125 280
125 282
125 20
125 275
125 122
125 288
125 211
125 97
125 48
125 78
125 145
125 279
125 23
125 4
125 202
125 162
125 76
125 283
125 27
125 57
125 138
125 110
125 91
125 261
125 55
125 263
125 100
265 193
265 10
265 134
265 138
265 217
265 47
265 260
265 230
265 81
265 111
265 245
265 145
265 224
265 96
265 190
265 7
265 294
265 60
265 139
265 296
265 124
265 5
265 218
265 252
265 152
265 133
265 289
265 14
265 44
265 291
265 242
265 161
265 112
265 191
265 206
265 236
265 27
265 240
265 8
265 284
265 110
265 189
265 91
265 273
265 121
265 174
265 275
265 55
265 36
265 66
265 119
265 149
265 45
265 75
265 147
265 79
265 43
265 24
265 156
265 246
265 116
265 214
265 244
265 12
265 225
265 114
97 166
97 71
97 289
97 181
97 102
97 16
97 39
97 293
97 227
97 119
97 240
97 282
97 295
97 44
97 25
97 284
97 231
97 152
97 23
97 288
97 76
97 169
97 103
97 105
97 226
97 66
97 217
97 30
97 11
97 64
97 221
97 79
97 197
97 210
97 280
97 135
97 203
97 137
97 258
97 33
97 192
97 139
97 67
97 1
97 31
97 264
97 132
97 187
97 200
97 40
97 244
97 93
97 191
97 246
97 259
97 68
97 182
97 184
97 173
97 9
97 107
97 81
97 32
97 243
97 124
166 127
166 279
166 29
166 59
166 215
166 4
166 230
166 285
166 115
166 17
166 119
166 199
166 30
166 164
166 280
166 214
166 45
166 269
166 109
166 143
166 271
166 260
166 24
166 194
166 207
166 52
166 187
166 42
166 248
166 182
166 70
166 123
166 252
166 241
166 254
166 175
166 188
166 102
166 177
166 147
166 179
166 181
166 81
166 183
166 225
166 96
166 238
166 7
166 37
166 185
166 227
166 71
166 242
166 35
166 16
166 231
166 299
166 39
166 20
166 50
166 288
166 222
166 84
166 14
166 290
166 224
14 168
14 289
14 236
14 91
14 159
14 51
14 227
14 40
14 161
14 282
14 95
14 229
14 271
14 163
14 284
14 31
14 86
14 207
14 275
14 35
14 156
14 277
14 90
14 24
14 92
14 202
14 13
14 94
14 15
14 74
14 195
14 142
14 197
14 89
14 144
14 78
14 122
14 135
14 16
14 71
14 126
14 73
14 117
14 238
14 185
14 174
14 242
14 55
14 297
14 189
14 244
14 11
14 246
14 248
14 292
14 63
14 184
14 226
14 239
14 39
14 294
14 186
14 285
14 298
168 148
168 206
168 108
168 195
168 263
168 239
168 199
168 27
168 188
168 190
168 6
168 192
168 234
168 149
168 181
168 164
168 236
168 227
168 79
168 143
168 295
168 229
168 231
168 244
168 286
168 58
168 137
168 18
168 101
168 235
168 224
168 279
168 213
168 226
168 150
168 42
168 215
168 283
168 217
168 70
168 212
168 267
168 83
168 113
168 47
168 9
168 271
168 51
168 92
168 207
168 96
168 7
168 264
168 41
168 198
168 253
168 5
168 16
168 69
168 99
168 191
168 152
168 103
168 246
129 155
129 70
129 267
129 280
129 148
129 269
129 137
129 128
129 192
129 260
129 207
129 13
129 126
129 198
129 37
129 145
129 189
129 244
129 1
129 80
129 31
129 259
129 20
129 114
129 46
129 25
129 10
129 131
129 59
129 93
129 241
129 188
129 298
129 8
129 38
129 117
129 181
129 236
129 17
129 51
129 183
129 238
129 96
129 56
129 161
129 90
129 176
129 124
129 286
129 299
129 24
129 154
129 275
129 39
129 277
129 122
129 290
129 211
129 33
129 228
129 217
129 27
129 87
129 274
155 237
155 134
155 186
155 241
155 243
155 83
155 245
155 117
155 234
155 47
155 291
155 183
155 185
155 227
155 284
155 299
155 54
155 220
155 152
155 290
155 63
155 279
155 78
155 108
155 294
155 142
155 215
155 57
155 87
155 287
155 10
155 55
155 115
155 223
155 130
155 267
155 0
155 214
155 64
155 203
155 34
155 79
155 260
155 273
155 207
155 262
155 196
155 107
155 7
155 253
155 82
155 200
155 71
155 202
155 5
155 35
155 257
155 50
155 95
155 46
155 248
155 261
155 195
41 271
41 8
41 273
41 44
41 88
41 6
41 79
41 94
41 15
41 83
41 85
41 206
41 219
41 74
41 142
41 276
41 197
41 252
41 3
41 254
41 67
41 69
41 190
41 124
41 258
41 12
41 262
41 183
41 10
41 117
41 77
41 0
41 68
41 189
41 123
41 257
41 299
41 191
41 112
41 233
41 13
41 63
41 226
41 186
41 107
41 228
41 120
41 162
41 54
41 43
41 164
41 35
41 58
41 47
41 115
41 25
41 159
41 227
41 282
41 174
41 295
41 23
41 108
271 135
271 67
271 252
271 25
271 242
271 93
271 172
271 4
271 221
271 102
271 113
271 2
271 296
271 219
271 200
271 230
271 81
271 62
271 287
271 194
271 224
271 289
271 228
271 258
271 222
271 173
271 207
271 237
271 39
271 99
271 103
271 182
271 273
271 235
271 3
271 167
271 275
271 210
271 161
271 112
271 31
271 42
271 189
271 193
271 253
271 272
271 119
271 100
271 19
271 183
271 262
271 34
271 147
271 177
271 28
271 9
271 43
271 264
271 77
271 7
271 52
148 289
148 210
148 212
148 225
148 114
148 144
148 214
148 203
148 152
148 138
148 196
148 72
148 132
148 83
148 198
148 211
148 253
148 200
148 81
148 32
148 191
148 246
148 259
148 75
148 139
148 143
148 263
148 105
148 35
148 239
148 24
148 186
148 188
148 298
148 48
148 78
148 192
148 181
148 76
148 57
148 242
148 66
148 176
148 19
148 45
148 222
148 34
148 128
148 79
148 109
148 294
148 107
148 58
148 283
148 296
148 164
148 52
148 82
148 232
148 153
148 86
220 273
220 145
220 205
220 26
220 56
220 209
220 139
220 173
220 203
220 184
220 16
220 39
220 50
220 152
220 133
220 48
220 127
220 212
220 108
220 59
220 131
220 142
220 252
220 76
220 106
220 57
220 110
220 91
220 170
220 215
220 119
220 149
220 100
220 45
220 147
220 24
220 126
220 77
220 88
220 18
220 288
220 222
220 135
220 146
220 210
220 224
220 199
220 1
220 80
220 61
220 114
220 144
220 228
220 272
220 93
220 74
220 104
220 287
220 221
220 187
220 0
220 132
220 28
220 282
220 13
273 101
273 90
273 254
273 135
273 86
273 218
273 16
273 277
273 252
273 69
273 99
273 263
273 212
273 59
273 236
273 276
273 132
273 215
273 6
273 85
273 36
273 66
273 111
273 145
273 64
273 60
273 222
273 173
273 103
273 133
273 22
273 82
273 33
273 63
273 299
273 146
273 31
273 61
273 225
273 290
273 259
273 189
273 121
273 193
273 234
273 296
273 134
273 198
273 285
273 298
273 19
273 213
273 83
273 34
273 289
273 147
273 192
273 9
273 280
273 62
273 137
273 295
27 107
27 228
27 16
27 296
27 285
27 56
27 221
27 157
27 225
27 23
27 93
27 282
27 295
27 150
27 163
27 284
27 2
27 31
27 6
27 99
27 275
27 288
27 143
27 145
27 37
27 79
27 147
27 149
27 24
27 138
27 259
27 30
27 18
27 195
27 76
27 197
27 131
27 254
27 82
27 124
27 84
27 205
27 260
27 60
27 73
27 128
27 62
27 183
27 75
27 130
27 264
27 64
27 119
27 68
27 123
27 193
27 26
27 63
27 184
27 252
107 130
107 143
107 185
107 2
107 132
107 55
107 85
107 134
107 202
107 257
107 138
107 75
107 114
107 127
107 261
107 182
107 184
107 73
107 54
107 101
107 3
107 245
107 86
107 179
107 181
107 31
107 46
107 238
107 159
107 293
107 240
107 174
107 297
107 112
107 0
107 222
107 235
107 156
107 98
107 211
107 9
107 213
107 149
107 162
107 217
107 60
107 90
107 105
107 263
107 5
107 35
107 20
107 99
107 280
107 214
107 48
107 29
107 93
107 192
107 194
107 262
13 209
13 143
13 211
13 224
13 24
13 213
13 81
13 202
13 94
13 70
13 193
13 85
13 153
13 87
13 210
13 252
13 144
13 199
13 133
13 254
13 80
13 256
13 16
13 139
13 73
13 194
13 238
13 51
13 240
13 68
13 231
13 123
13 191
13 246
13 235
13 127
13 248
13 61
13 103
13 116
13 292
13 226
13 52
13 173
13 228
13 175
13 219
13 232
13 32
13 100
13 12
13 36
13 280
13 95
13 229
13 29
13 31
13 99
13 33
13 288
209 126
209 56
209 190
209 288
209 101
209 120
209 290
209 279
209 169
209 226
209 294
209 114
209 296
209 197
209 25
209 232
209 29
209 108
209 59
209 23
209 8
209 212
209 225
209 269
209 17
209 100
209 164
209 194
209 11
209 205
209 45
209 277
209 79
209 173
209 213
209 54
209 188
209 163
209 63
209 248
209 127
209 131
209 263
209 1
209 12
209 241
209 95
209 189
209 10
209 174
209 204
209 134
209 68
209 19
209 0
209 238
209 98
209 177
209 128
209 227
209 181
209 242
209 297
71 150
71 163
71 152
71 224
71 279
71 200
71 92
71 40
71 202
71 215
71 217
71 259
71 68
71 206
71 261
71 153
71 74
71 76
71 210
71 28
71 252
71 144
71 51
71 256
71 56
71 190
71 137
71 60
71 84
71 249
71 196
71 39
71 50
71 130
71 198
71 132
71 187
71 176
71 178
71 112
71 4
71 246
71 193
71 57
71 8
71 248
71 6
71 173
71 186
71 230
71 11
71 122
71 285
71 177
71 287
71 179
71 102
71 157
71 159
71 214
71 229
71 52
150 135
150 86
150 146
150 5
150 258
150 16
150 192
150 260
150 152
150 114
150 275
150 198
150 211
150 108
150 93
150 187
150 23
150 138
150 132
150 2
150 51
150 239
150 173
150 254
150 139
150 120
150 243
150 256
150 190
150 124
150 43
150 54
150 234
150 39
150 118
150 236
150 249
150 133
150 163
150 297
150 1
150 61
150 299
150 233
150 140
150 91
150 121
150 154
150 288
150 40
150 290
150 292
150 213
150 215
150 47
150 287
150 263
150 62
150 126
150 7
150 159
30 112
30 233
30 193
30 19
30 235
30 169
30 61
30 250
30 50
30 184
30 118
30 52
30 162
30 175
30 296
30 109
30 122
30 177
30 26
30 219
30 58
30 47
30 236
30 170
30 95
30 42
30 284
30 84
30 23
30 222
30 264
30 279
30 2
30 6
30 217
30 259
30 11
30 206
30 74
30 76
30 197
30 212
30 254
30 146
30 188
30 269
30 82
30 124
30 192
30 205
30 126
30 260
30 73
30 62
30 185
30 121
30 134
30 10
30 189
30 110
30 70
30 191
112 11
112 45
112 60
112 109
112 115
112 236
112 225
112 238
112 39
112 172
112 58
112 22
112 63
112 231
112 67
112 167
112 169
112 290
112 110
112 171
112 228
112 74
112 217
112 68
112 19
112 221
112 263
112 276
112 197
112 157
112 212
112 146
112 267
112 62
112 137
112 139
112 35
112 80
112 143
112 69
112 99
112 50
112 132
112 253
112 145
112 121
112 178
112 246
112 4
112 193
112 195
112 72
112 237
112 173
112 243
95 212
95 254
95 267
95 256
95 137
95 196
95 251
95 23
95 187
95 200
95 242
95 134
95 91
95 2
95 244
95 178
95 85
95 246
95 235
95 182
95 195
95 94
95 120
95 175
95 73
95 109
95 164
95 177
95 77
95 88
95 232
95 113
95 52
95 33
95 63
95 289
95 181
95 115
95 236
95 225
95 159
95 61
95 227
95 161
95 297
95 152
95 93
95 156
95 277
95 290
95 68
95 103
95 72
95 34
95 81
95 32
95 272
95 92
95 153
95 274
95 26
95 221
212 274
212 144
212 221
212 197
212 44
212 267
212 227
212 138
212 38
212 260
212 200
212 51
212 81
212 111
212 264
212 92
212 277
212 11
212 96
212 259
212 248
212 39
212 118
212 261
212 20
212 250
212 182
212 163
212 252
212 254
212 191
212 243
212 256
212 245
212 76
212 236
212 174
212 6
212 293
212 119
212 202
212 229
212 64
212 15
212 297
212 34
212 147
212 233
212 162
212 222
212 235
212 7
212 141
212 82
212 294
212 135
212 116
212 146
212 16
212 1
274 242
274 123
274 134
274 4
274 221
274 251
274 83
274 113
274 117
274 230
274 111
274 62
274 175
274 26
274 297
274 143
274 288
274 35
274 39
274 118
274 252
274 20
274 99
274 103
274 163
274 44
274 294
274 231
274 29
274 283
274 191
274 23
274 176
274 76
274 8
274 87
274 259
274 193
274 223
274 238
274 119
274 198
274 286
274 98
274 79
274 109
274 181
274 241
274 192
274 54
274 156
274 279
274 88
274 171
274 22
274 3
274 63
274 135
274 248
274 80
274 178
274 25
289 227
289 231
289 298
289 161
289 276
289 157
289 236
289 251
289 91
289 219
289 249
289 279
289 179
289 79
289 109
289 173
289 207
289 188
289 156
289 58
289 171
289 101
289 3
289 63
289 135
289 146
289 131
289 1
289 80
289 31
289 42
289 46
289 204
289 217
289 68
289 202
289 117
289 211
289 28
289 264
289 81
289 245
289 62
289 92
289 226
289 96
289 56
289 190
289 37
289 139
289 124
289 154
289 290
289 199
289 69
289 133
127 287
127 234
127 119
127 100
127 0
127 291
127 183
127 45
127 54
127 297
127 126
127 3
127 67
127 211
127 224
127 279
127 226
127 12
127 149
127 89
127 153
127 74
127 142
127 144
127 102
127 267
127 214
127 117
127 203
127 81
127 205
127 56
127 7
127 141
127 60
127 120
127 264
127 132
127 253
127 5
127 242
127 134
127 118
127 69
127 257
127 178
127 246
127 48
127 195
127 23
127 184
127 173
127 76
127 38
127 121
127 2
127 36
127 66
228 231
228 221
228 102
228 132
228 233
228 117
228 196
228 6
228 200
228 81
228 96
228 15
228 222
228 298
228 73
228 207
228 287
228 276
228 122
228 63
228 269
228 142
228 214
228 284
228 42
228 176
228 76
228 121
228 262
228 40
228 55
228 74
228 104
228 279
228 213
228 83
228 34
228 128
228 272
228 47
228 211
228 28
228 248
228 261
228 126
228 37
228 116
228 35
228 16
228 99
228 260
228 48
228 29
228 240
228 187
228 229
228 217
60 176
60 110
60 22
60 152
60 101
60 211
60 103
60 94
60 10
60 55
60 96
60 217
60 285
60 206
60 0
60 87
60 263
60 144
60 254
60 214
60 26
60 126
60 260
60 73
60 86
60 207
60 249
60 196
60 253
60 79
60 138
60 72
60 193
60 61
60 116
60 118
60 131
60 252
60 294
60 2
60 17
60 109
60 164
60 177
60 298
60 111
60 179
60 15
60 115
60 236
60 291
60 225
60 117
60 280
60 24
60 39
60 240
60 282
60 295
60 229
176 120
176 256
176 177
176 232
176 245
176 118
176 234
176 88
176 152
176 133
176 249
176 22
176 52
176 3
176 142
176 242
176 1
176 218
176 286
176 140
176 91
176 170
176 233
176 10
176 222
176 68
176 34
176 230
176 47
176 263
176 141
176 37
176 171
176 214
176 269
176 203
176 5
176 169
176 258
176 99
176 50
176 84
176 262
176 25
176 196
176 123
176 187
176 157
176 138
176 8
176 72
176 191
176 2
176 193
176 6
176 17
176 195
176 250
176 186
132 283
132 77
132 58
132 88
132 285
132 18
132 219
132 142
132 263
132 276
132 80
132 12
132 267
132 135
132 258
132 10
132 89
132 192
132 205
132 249
132 262
132 264
132 242
132 244
132 178
132 32
132 92
132 237
132 250
132 239
132 252
132 5
132 118
132 99
132 190
132 84
132 29
132 223
132 131
132 23
132 225
132 238
132 159
132 106
132 57
132 87
132 161
132 284
132 66
132 152
132 299
132 277
132 279
132 79
132 109
132 147
233 96
233 280
233 45
233 269
233 282
233 90
233 143
233 124
233 154
233 286
233 99
233 133
233 210
233 161
233 191
233 61
233 76
233 106
233 91
233 121
233 193
233 10
233 204
233 119
233 0
233 243
233 34
233 113
233 177
233 258
233 47
233 28
233 32
233 236
233 58
233 88
233 238
233 190
233 171
233 22
233 240
233 116
233 146
233 5
233 299
233 159
233 89
233 292
233 108
233 157
233 187
233 241
233 57
233 72
233 196
233 234
233 200
233 291
145 47
145 154
145 92
145 156
145 290
145 77
145 96
145 7
145 37
145 135
145 149
145 162
145 105
145 230
145 16
145 50
145 114
145 144
145 84
145 199
145 267
145 280
145 214
145 23
145 260
145 91
145 152
145 121
145 85
145 196
145 36
145 17
145 251
145 211
145 253
145 11
145 257
145 124
145 204
145 246
145 73
145 261
145 58
145 82
145 33
145 63
145 241
145 243
145 298
145 31
145 61
145 76
145 181
145 70
145 240
145 295
145 242
145 218
145 286
90 284
90 110
90 231
90 32
90 154
90 222
90 277
90 290
90 224
90 5
90 50
90 162
90 272
90 84
90 285
90 219
90 142
90 263
90 199
90 76
90 146
90 137
90 192
90 17
90 139
90 141
90 262
90 11
90 183
90 185
90 119
90 200
90 242
90 134
90 189
90 202
90 123
90 299
90 191
90 246
90 67
90 184
90 12
90 296
90 232
90 124
90 245
90 234
90 74
90 236
90 291
90 68
90 159
90 280
90 72
90 83
90 106
90 240
90 282
90 47
90 28
284 254
284 286
284 5
284 118
284 99
284 25
284 242
284 59
284 161
284 191
284 142
284 276
284 23
284 221
284 219
284 36
284 230
284 94
284 258
284 79
284 222
284 267
284 293
284 18
284 141
284 235
284 3
284 82
284 246
284 63
284 135
284 116
284 229
284 1
284 214
284 288
284 290
284 178
284 292
284 89
284 174
284 70
284 93
284 74
284 157
284 232
284 0
284 285
284 102
284 83
284 113
284 287
284 47
284 9
284 32
284 26
16 106
16 269
16 40
16 161
16 1
16 12
16 31
16 152
16 207
16 198
16 92
16 147
16 202
16 215
16 257
16 28
16 204
16 261
16 142
16 210
16 131
16 67
16 256
16 56
16 260
16 181
16 115
16 51
16 174
16 295
16 66
16 121
16 4
16 297
16 123
16 44
16 178
16 299
16 46
16 2
16 235
16 248
16 290
16 6
16 182
16 103
16 224
16 162
16 54
16 175
16 298
16 232
16 234
16 276
16 47
16 225
106 296
106 111
106 232
106 48
106 223
106 225
106 159
106 280
106 119
106 161
106 295
106 163
106 17
106 154
106 169
106 15
106 94
106 45
106 292
106 213
106 79
106 147
106 149
106 54
106 88
106 221
106 263
106 210
106 144
106 157
106 146
106 1
106 31
106 61
106 12
106 214
106 269
106 190
106 89
106 40
106 70
106 126
106 260
106 93
106 128
106 251
106 264
106 68
106 72
106 200
106 189
106 28
106 123
106 246
106 248
106 237
106 186
76 120
76 241
76 109
76 245
76 234
76 181
76 170
76 104
76 28
76 174
76 108
76 297
76 231
76 235
76 169
76 290
76 211
76 292
76 213
76 217
76 285
76 140
76 87
76 4
76 210
76 133
76 135
76 66
76 126
76 15
76 45
76 128
76 249
76 196
76 264
76 43
76 73
76 24
76 187
76 79
76 58
76 189
76 18
76 123
76 22
76 63
76 67
76 114
76 182
76 195
76 42
76 131
76 46
76 173
120 163
120 57
120 154
120 275
120 55
120 36
120 279
120 15
120 94
120 283
120 79
120 138
120 272
120 9
120 153
120 77
120 88
120 263
120 197
120 82
120 133
120 256
120 190
120 61
120 258
120 207
120 128
120 141
120 89
120 183
120 196
120 19
120 83
120 244
120 257
120 235
120 51
120 292
120 131
120 105
120 5
120 118
120 69
120 20
120 179
120 50
120 236
120 157
120 291
120 48
120 29
120 238
120 59
120 293
120 227
120 174
62 222
62 156
62 224
62 52
62 226
62 202
62 94
62 149
62 204
62 12
62 272
62 219
62 140
62 197
62 210
62 146
62 188
62 80
62 19
62 0
62 135
62 82
62 192
62 205
62 126
62 260
62 183
62 75
62 251
62 64
62 7
62 240
62 178
62 169
62 182
62 116
62 292
62 184
62 241
62 162
62 175
62 177
62 298
62 111
62 245
62 287
62 221
62 55
62 104
62 293
62 227
62 45
62 286
62 86
62 43
62 154
62 275
222 205
222 37
222 184
222 5
222 35
222 69
222 20
222 50
222 122
222 103
222 186
222 59
222 131
222 210
222 191
222 130
222 202
222 64
222 45
222 79
222 109
222 264
222 24
222 279
222 18
222 190
222 141
222 171
222 22
222 272
222 86
222 67
222 199
222 214
222 31
222 250
222 159
222 89
222 40
222 70
222 172
222 134
222 258
222 157
222 138
222 217
222 68
222 72
222 185
222 238
222 51
276 25
276 298
276 89
276 272
276 123
276 74
276 206
276 187
276 102
276 113
276 280
276 293
276 117
276 196
276 282
276 249
276 51
276 164
276 194
276 205
276 139
276 173
276 105
276 207
276 237
276 69
276 20
276 50
276 163
276 186
276 3
276 48
276 108
276 195
276 170
276 121
276 223
276 36
276 257
276 100
276 94
276 79
276 181
276 241
276 297
276 275
276 156
276 58
276 269
276 288
276 86
276 116
276 218
276 199
276 80
276 31
276 294
227 20
227 122
227 152
227 103
227 131
227 161
227 4
227 275
227 57
227 8
227 87
227 91
227 121
227 219
227 36
227 17
227 100
227 257
227 213
227 272
227 64
227 94
227 75
227 261
227 98
227 177
227 54
227 126
227 190
227 116
227 67
227 1
227 12
227 42
227 144
227 238
227 251
227 293
227 223
227 104
227 297
227 202
227 19
227 288
227 72
227 51
227 81
227 111
227 92
227 230
227 139
227 232
227 287
227 154
227 105
163 223
163 170
163 183
163 35
163 172
163 240
163 69
163 99
163 174
163 48
163 78
163 275
163 142
163 235
163 4
163 57
163 171
163 226
163 2
163 215
163 115
163 17
163 272
163 119
163 206
163 64
163 267
163 162
163 214
163 58
163 192
163 141
163 196
163 12
163 42
163 200
163 46
163 244
163 10
163 70
163 153
163 0
163 83
163 239
163 252
163 173
163 294
163 186
163 117
163 47
163 81
163 177
163 298
163 287
163 26
163 56
279 290
279 260
279 28
279 9
279 230
279 32
279 245
279 92
279 143
279 154
279 287
279 118
279 20
279 263
279 291
279 103
279 84
279 186
279 246
279 261
279 78
279 131
279 191
279 23
279 4
279 195
279 110
279 121
279 6
279 66
279 198
279 94
279 241
279 43
279 237
279 54
279 18
279 146
279 12
279 114
279 293
279 223
279 253
279 172
279 123
279 153
279 202
279 232
279 299
279 102
279 288
55 182
55 237
55 118
55 252
55 164
55 298
55 232
55 181
55 223
55 170
55 1
55 183
55 104
55 108
55 152
55 99
55 275
55 169
55 103
55 292
55 92
55 105
55 226
55 147
55 215
55 162
55 204
55 7
55 153
55 20
55 93
55 69
55 258
55 29
55 192
55 84
55 205
55 126
55 260
55 4
55 141
55 8
55 185
55 77
55 119
55 66
55 36
55 57
55 178
55 11
55 193
55 235
55 45
182 17
182 249
182 100
182 64
182 295
182 45
182 242
182 231
182 299
182 43
182 54
182 77
182 277
182 18
182 224
182 237
182 171
182 292
182 33
182 226
182 294
182 116
182 169
182 217
182 12
182 206
182 219
182 10
182 89
182 70
182 210
182 153
182 267
182 214
182 282
182 205
182 9
182 275
182 51
182 81
182 198
182 26
182 253
182 187
182 191
182 118
182 193
182 44
182 167
182 239
182 4
182 256
182 298
182 140
182 2
182 174
287 261
287 172
287 206
287 4
287 138
287 8
287 221
287 251
287 85
287 36
287 230
287 277
287 15
287 75
287 109
287 124
287 154
287 43
287 207
287 286
287 237
287 118
287 297
287 133
287 299
287 101
287 235
287 3
287 167
287 67
287 31
287 10
287 134
287 179
287 262
287 291
287 98
287 293
287 117
287 47
287 181
287 162
287 192
287 9
287 264
287 245
287 92
287 156
287 141
287 35
287 20
287 263
287 144
242 79
242 43
242 24
242 237
242 188
242 118
242 291
242 152
242 133
242 101
242 131
242 161
242 1
242 61
242 262
242 257
242 232
242 259
242 248
242 261
242 177
242 211
242 252
242 32
242 92
242 243
242 5
242 169
242 229
242 69
242 114
242 293
242 178
242 159
242 29
242 297
242 236
242 217
242 288
242 215
242 196
242 6
242 200
242 100
242 283
242 296
242 175
242 75
261 149
261 179
261 68
261 183
261 291
261 293
261 260
261 126
261 96
261 56
261 190
261 275
261 254
261 39
261 252
261 197
261 178
261 159
261 231
261 78
261 108
261 123
261 142
261 187
261 4
261 8
261 38
261 251
261 72
261 249
261 94
261 79
261 124
261 184
261 295
261 73
261 207
261 237
261 118
261 103
261 167
261 246
261 63
261 210
261 1
261 244
261 12
261 46
261 110
261 189
261 140
261 89
261 223
261 253
261 234
113 29
113 59
113 149
113 162
113 272
113 8
113 142
113 210
113 131
113 144
113 66
113 133
113 203
113 15
113 45
113 205
113 260
113 249
113 196
113 43
113 130
113 251
113 88
113 187
113 134
113 123
113 86
113 1
113 235
113 248
113 171
113 292
113 25
113 294
113 241
113 104
113 296
113 177
113 72
113 221
113 181
113 115
113 28
113 170
113 291
113 238
113 51
113 159
113 161
113 96
113 174
113 295
113 56
113 218
113 152
113 5
113 50
113 84
113 44
25 89
25 170
25 225
25 146
25 159
25 82
25 29
25 8
25 75
25 264
25 198
25 200
25 202
25 257
25 204
25 72
25 85
25 5
25 87
25 252
25 18
25 199
25 133
25 256
25 190
25 137
25 115
25 185
25 119
25 6
25 295
25 187
25 108
25 297
25 244
25 59
25 235
25 290
25 224
25 116
25 237
25 50
25 171
25 105
25 226
25 118
25 239
25 94
25 283
25 54
25 175
25 22
25 109
25 285
25 298
25 98
25 219
25 234
99 225
99 117
99 238
99 7
99 280
99 172
99 282
99 174
99 229
99 218
99 286
99 103
99 147
99 202
99 23
99 4
99 162
99 272
99 206
99 85
99 66
99 94
99 203
99 258
99 192
99 24
99 249
99 130
99 251
99 22
99 3
99 253
99 200
99 61
99 89
99 40
99 241
99 0
99 109
99 122
99 83
99 177
99 179
99 100
99 181
99 115
99 291
225 50
225 133
225 298
225 48
225 234
225 172
225 131
225 161
225 236
225 4
225 87
225 38
225 140
225 170
225 85
225 36
225 115
225 200
225 119
225 224
225 94
225 45
225 98
225 143
225 173
225 226
225 207
225 188
225 156
225 272
225 285
225 101
225 186
225 82
225 135
225 116
225 195
225 189
225 10
225 68
225 213
225 264
225 277
225 147
225 117
225 211
225 28
225 190
225 252
225 199
225 254
173 174
173 187
173 170
173 121
173 231
173 244
173 286
173 66
173 130
173 290
173 94
173 143
173 217
173 272
173 77
173 58
173 221
173 82
173 135
173 86
173 116
173 161
173 280
173 80
173 282
173 46
173 218
173 70
173 104
173 134
173 198
173 34
173 111
173 246
173 7
173 37
173 171
173 139
173 35
173 175
173 39
173 50
173 256
173 78
173 181
173 291
173 23
173 8
173 87
174 250
174 5
174 54
174 39
174 254
174 188
174 256
174 167
174 245
174 194
174 236
174 87
174 291
174 91
174 170
174 295
174 85
174 66
174 297
174 286
174 98
174 224
174 239
174 77
174 296
174 217
174 230
174 232
174 67
174 35
174 210
174 223
174 267
174 159
174 89
174 29
174 59
174 93
174 157
174 138
174 196
174 102
174 277
174 2
174 51
174 111
174 257
174 164
174 96
174 191
174 45
174 193
174 195
11 290
11 61
11 116
11 37
11 162
11 217
11 1
11 177
11 32
11 153
11 221
11 291
11 280
11 84
11 18
11 152
11 86
11 20
11 262
11 33
11 154
11 22
11 277
11 77
11 79
11 92
11 147
11 15
11 149
11 191
11 5
11 72
11 193
11 74
11 195
11 263
11 144
11 186
11 199
11 12
11 133
11 267
11 188
11 122
11 8
11 179
11 194
11 183
11 251
11 64
11 240
11 253
11 121
11 123
2 292
2 105
2 226
2 162
2 54
2 230
2 164
2 285
2 56
2 98
2 111
2 100
2 89
2 102
2 38
2 269
2 161
2 29
2 218
2 286
2 198
2 26
2 15
2 70
2 87
2 263
2 210
2 252
2 186
2 254
2 267
2 67
2 135
2 69
2 245
2 58
2 5
2 126
2 18
2 139
2 73
2 194
2 249
2 117
2 130
2 251
2 51
2 185
2 295
2 68
2 189
2 4
292 215
292 36
292 230
292 51
292 164
292 96
292 15
292 75
292 79
292 124
292 203
292 184
292 73
292 207
292 237
292 58
292 88
292 298
292 235
292 246
292 31
292 12
292 91
292 89
292 204
292 119
292 100
292 232
292 213
292 260
292 32
292 126
292 77
292 137
292 239
292 101
292 169
292 39
292 69
292 20
292 50
292 263
292 197
292 159
292 48
292 291
292 272
292 172
292 206
292 23
241 253
241 170
241 234
241 257
241 198
241 100
241 179
241 15
241 94
241 250
241 147
241 98
241 128
241 109
241 141
241 22
241 249
241 169
241 251
241 1
241 42
241 144
241 70
241 153
241 288
241 206
241 157
241 187
241 217
241 290
241 221
241 102
241 117
241 196
241 283
241 230
241 272
241 285
241 164
241 96
241 175
241 37
241 5
241 280
241 269
241 133
241 260
241 108
241 262
84 102
84 159
84 293
84 93
84 1
84 161
84 282
84 231
84 59
84 154
84 288
84 88
84 101
84 277
84 224
84 68
84 105
84 226
84 47
84 17
84 272
84 285
84 51
84 87
84 263
84 15
84 197
84 144
84 24
84 54
84 269
84 190
84 194
84 207
84 262
84 143
84 12
84 200
84 121
84 299
84 40
84 114
84 248
84 195
84 116
84 34
84 296
84 188
84 9
84 243
84 164
84 298
84 58
84 82
102 149
102 204
102 48
102 164
102 219
102 140
102 8
102 87
102 38
102 157
102 146
102 6
102 203
102 64
102 15
102 45
102 207
102 196
102 264
102 187
102 58
102 18
102 189
102 202
102 244
102 52
102 86
102 114
102 31
102 42
102 46
102 252
102 10
102 89
102 70
102 109
102 111
102 124
102 179
102 68
102 234
102 126
102 181
102 115
102 34
102 28
102 172
102 9
102 51
102 229
102 167
102 35
102 213
102 105
102 147
29 34
29 115
29 36
29 170
29 91
29 104
29 38
29 214
29 295
29 229
29 4
29 88
29 264
29 37
29 79
29 202
29 215
29 206
29 153
29 24
29 144
29 133
29 146
29 267
29 188
29 18
29 256
29 69
29 137
29 58
29 73
29 262
29 12
29 251
29 240
29 134
29 57
29 191
29 246
29 0
29 59
29 248
29 116
29 237
29 250
29 226
29 294
29 54
29 109
29 243
29 7
29 43
29 232
254 262
254 275
254 277
254 104
254 238
254 119
254 198
254 68
254 0
254 34
254 128
254 28
254 162
254 226
254 126
254 263
254 26
254 171
254 105
254 229
254 39
254 252
254 114
254 48
254 293
254 295
254 4
254 72
254 215
254 196
254 6
254 115
254 243
254 205
254 139
254 285
254 298
254 73
254 237
254 18
254 291
254 235
254 52
254 186
254 82
254 167
254 146
254 191
254 42
133 223
133 110
133 295
133 104
133 297
133 288
133 156
133 169
133 28
133 226
133 215
133 283
133 26
133 204
133 164
133 206
133 219
133 153
133 142
133 157
133 214
133 135
133 256
133 203
133 152
133 141
133 262
133 196
133 251
133 115
133 15
133 248
133 43
133 239
133 77
133 186
133 88
133 103
133 190
133 232
133 245
133 86
133 234
133 1
133 181
223 44
223 159
223 48
223 206
223 157
223 187
223 243
223 57
223 293
223 130
223 205
223 64
223 94
223 229
223 139
223 299
223 246
223 73
223 137
223 88
223 18
223 22
223 226
223 239
223 63
223 116
223 214
223 232
223 140
223 170
223 89
223 40
223 70
223 291
223 134
223 280
223 149
223 19
223 213
223 117
223 47
223 28
223 162
223 111
223 26
223 56
223 171
223 5
223 218
223 259
223 69
223 50
223 144
152 236
152 183
152 229
152 20
152 114
152 244
152 44
152 167
152 48
152 235
152 156
152 4
152 57
152 8
152 121
152 153
152 75
152 280
152 161
152 43
152 54
152 218
152 58
152 137
152 122
152 194
152 275
152 3
152 82
152 196
152 211
152 1
152 61
152 202
152 140
152 246
152 259
152 10
152 70
152 195
152 149
152 117
152 47
152 9
152 177
152 51
152 179
152 126
152 141
236 103
236 142
236 214
236 8
236 91
236 17
236 183
236 213
236 15
236 45
236 75
236 264
236 277
236 177
236 253
236 181
236 9
236 73
236 24
236 259
236 141
236 3
236 135
236 86
236 199
236 80
236 243
236 256
236 197
236 298
236 40
236 93
236 123
236 249
236 72
236 83
236 185
236 196
236 47
236 219
236 111
236 164
236 175
236 205
236 56
236 5
236 294
4 109
4 230
4 298
4 232
4 34
4 47
4 157
4 93
4 214
4 82
4 141
4 275
4 35
4 79
4 257
4 28
4 149
4 70
4 138
4 85
4 140
4 250
4 131
4 186
4 78
4 199
4 67
4 80
4 124
4 137
4 58
4 192
4 126
4 73
4 194
4 115
4 196
4 130
4 51
4 108
4 229
4 246
4 61
4 239
4 283
109 121
109 189
109 87
109 38
109 191
109 246
109 193
109 235
109 171
109 184
109 75
109 296
109 98
109 230
109 122
109 177
109 54
109 221
109 88
109 22
109 101
109 172
109 161
109 229
109 297
109 110
109 10
109 277
109 104
109 224
109 213
109 19
109 215
109 206
109 9
109 142
109 210
109 56
109 256
109 269
109 203
109 192
109 128
109 249
109 196
109 130
109 108
50 51
50 36
50 218
50 88
50 277
50 24
50 224
50 200
50 83
50 96
50 206
50 153
50 195
50 31
50 12
50 252
50 144
50 199
50 146
50 188
50 80
50 256
50 69
50 192
50 139
50 260
50 181
50 128
50 117
50 238
50 185
50 121
50 134
50 7
50 257
50 299
50 237
50 226
50 52
50 54
50 122
50 298
50 98
50 221
50 157
110 239
110 131
110 252
110 296
110 105
110 188
110 177
110 232
110 179
110 192
110 18
110 103
110 3
110 249
110 48
110 170
110 119
110 295
110 61
110 218
110 231
110 40
110 19
110 0
110 226
110 230
110 43
110 285
110 153
110 142
110 157
110 159
110 280
110 214
110 135
110 1
110 282
110 80
110 262
110 104
110 143
110 198
110 23
110 200
110 38
110 147
110 72
110 123
110 17
110 193
110 81
110 32
110 26
110 56
239 140
239 170
239 215
239 262
239 6
239 36
239 115
239 17
239 100
239 179
239 130
239 164
239 64
239 75
239 98
239 128
239 79
239 259
239 272
239 24
239 77
239 58
239 3
239 63
239 267
239 135
239 86
239 210
239 61
239 258
239 46
239 178
239 93
239 74
239 19
239 224
239 7
239 143
239 203
239 154
239 105
239 298
239 35
239 69
239 103
239 167
239 293
239 191
239 269
239 282
215 72
215 111
215 219
215 232
215 194
215 175
215 26
215 37
215 221
215 143
215 124
215 154
215 184
215 20
215 122
215 103
215 44
215 186
215 167
215 275
215 161
215 6
215 17
215 259
215 179
215 183
215 213
215 75
215 128
215 207
215 243
215 126
215 58
215 137
215 22
215 82
215 135
215 251
215 169
215 240
215 114
215 46
215 89
215 40
215 138
215 19
215 0
215 237
231 118
231 20
231 186
231 108
231 142
231 275
231 12
231 42
231 189
231 140
231 6
231 115
231 198
231 100
231 130
231 259
231 0
231 213
231 64
231 34
231 98
231 252
231 73
231 58
231 141
231 171
231 116
231 199
231 238
231 240
231 295
231 10
231 40
231 297
231 59
231 19
231 235
231 8
231 221
231 185
231 219
231 200
231 230
231 283
231 111
231 92
231 285
231 56
66 169
66 43
66 175
66 22
66 230
66 122
66 285
66 298
66 232
66 179
66 221
66 234
66 1
66 40
66 282
66 275
66 288
66 34
66 277
66 224
66 47
66 9
66 79
66 92
66 51
66 32
66 81
66 149
66 283
66 259
66 272
66 72
66 219
66 142
66 197
66 131
66 44
66 67
66 137
66 57
66 141
66 262
66 183
66 75
66 185
66 6
66 187
66 189
66 193
66 235
66 248
169 282
169 81
169 203
169 105
169 211
169 73
169 24
169 253
169 213
169 22
169 63
169 204
169 246
169 259
169 67
169 206
169 142
169 31
169 12
169 252
169 140
169 85
169 190
169 245
169 192
169 64
169 147
169 128
169 251
169 172
169 162
169 185
169 295
169 77
169 229
169 137
169 7
169 37
169 288
169 235
169 35
169 237
169 114
169 226
169 89
169 153
169 8
169 117
117 226
117 162
117 283
117 204
117 272
117 285
117 140
117 1
117 221
117 31
117 42
117 197
117 144
117 280
117 135
117 203
117 100
117 0
117 194
117 249
117 251
117 58
117 123
117 257
117 22
117 259
117 184
117 294
117 44
117 296
117 230
117 59
117 298
117 124
117 179
117 170
117 291
117 47
117 159
117 293
117 161
117 111
117 15
117 235
117 211
131 298
131 91
131 115
131 100
131 291
131 238
131 293
131 161
131 295
131 128
131 28
131 286
131 26
131 277
131 224
131 171
131 80
131 285
131 221
131 48
131 108
131 59
131 280
131 8
131 87
131 141
131 275
131 264
131 94
131 211
131 79
131 147
131 73
131 24
131 69
131 103
131 248
131 22
131 33
131 63
131 12
131 296
131 188
131 243
131 46
298 240
298 100
298 213
298 94
298 75
298 98
298 79
298 211
298 43
298 58
298 88
298 171
298 186
298 82
298 33
298 229
298 12
298 144
298 178
298 253
298 272
298 187
298 19
298 262
298 251
298 51
298 294
298 32
298 175
298 139
298 143
298 218
298 248
298 118
298 263
298 122
298 197
298 44
57 45
57 296
57 243
57 111
57 100
57 54
57 157
57 18
57 159
57 172
57 3
57 293
57 33
57 286
57 207
57 46
57 154
57 143
57 103
57 147
57 202
57 162
57 153
57 74
57 87
57 144
57 26
57 267
57 256
57 190
57 258
57 139
57 20
57 73
57 194
57 183
57 75
57 187
57 134
57 297
57 257
57 8
57 178
57 38
57 246
57 59
57 114
57 6
57 171
103 170
103 17
103 291
103 183
103 81
103 92
103 159
103 293
103 96
103 295
103 297
103 178
103 275
103 69
103 235
103 156
103 224
103 226
103 33
103 78
103 283
103 164
103 85
103 157
103 146
103 280
103 203
103 94
103 137
103 205
103 141
103 262
103 130
103 264
103 77
103 37
103 134
103 86
103 184
103 230
103 68
103 111
103 232
103 83
249 290
249 18
249 22
249 101
249 52
249 82
249 167
249 246
249 67
249 283
249 244
249 195
249 12
249 285
249 46
249 40
249 291
249 198
249 280
249 202
249 269
249 72
249 83
249 34
249 47
249 9
249 92
249 226
249 26
249 56
249 135
249 105
249 199
249 259
249 144
249 197
249 59
249 172
249 267
249 196
249 17
249 205
249 253
249 297
249 98
249 299
249 188
290 17
290 283
290 164
290 96
290 175
290 15
290 139
290 39
290 122
290 186
290 33
290 167
290 108
290 280
290 161
290 244
290 61
290 46
290 140
290 170
290 193
290 40
290 234
290 36
290 198
290 179
290 202
290 19
290 177
290 28
290 43
290 73
290 37
290 171
290 86
290 67
290 218
290 35
290 282
290 263
290 114
290 197
290 23
290 221
290 72
15 123
15 70
15 191
15 235
15 294
15 175
15 230
15 243
15 219
15 100
15 159
15 282
15 42
15 44
15 286
15 101
15 224
15 24
15 37
15 200
15 39
15 81
15 28
15 149
15 204
15 138
15 206
15 19
15 142
15 89
15 210
15 252
15 78
15 82
15 137
15 258
15 192
15 126
15 260
15 73
15 262
15 75
15 185
15 240
123 98
123 24
123 146
123 82
123 192
123 67
123 260
123 1
123 80
123 42
123 200
123 202
123 191
123 19
123 193
123 195
123 237
123 250
123 186
123 243
123 26
123 177
123 124
123 179
123 126
123 5
123 291
123 293
123 122
123 282
123 44
123 297
123 48
123 78
123 178
123 299
123 167
123 87
123 211
123 91
123 226
123 17
123 285
101 126
101 194
101 96
101 141
101 37
101 200
101 5
101 35
101 121
101 20
101 246
101 259
101 193
101 78
101 195
101 23
101 175
101 230
101 243
101 111
101 170
101 291
101 183
101 104
101 45
101 172
101 43
101 73
101 286
101 275
101 22
101 82
101 63
101 147
101 31
101 12
101 283
101 204
101 10
101 89
101 40
101 70
101 157
101 199
101 146
101 267
101 269
101 28
101 81
126 251
126 67
126 211
126 12
126 42
126 257
126 191
126 246
126 138
126 10
126 104
126 68
126 296
126 47
126 32
126 111
126 77
126 26
126 56
126 172
126 35
126 167
126 235
126 48
126 108
126 59
126 171
126 23
126 149
126 283
126 230
126 272
126 214
126 135
126 269
126 282
126 43
126 73
126 24
126 258
126 118
126 194
221 78
221 93
221 172
221 230
221 206
221 157
221 187
221 217
221 232
221 8
221 87
221 6
221 81
221 269
221 124
221 43
221 54
221 39
221 122
221 3
221 82
221 257
221 31
221 42
221 263
221 40
221 85
221 74
221 198
221 245
221 234
221 98
221 92
221 156
221 7
221 244
221 286
221 86
221 116
221 199
221 144
221 294
207 293
207 190
207 22
207 52
207 299
207 80
207 59
207 172
207 153
207 134
207 294
207 8
207 72
207 232
207 234
207 36
207 200
207 32
207 291
207 164
207 194
207 282
207 218
207 54
207 39
207 275
207 18
207 264
207 167
207 67
207 31
207 140
207 91
207 170
207 250
207 193
207 85
207 149
207 183
207 64
207 94
207 34
207 43
207 92
207 77
207 58
293 188
293 267
293 282
293 186
293 246
293 291
293 142
293 140
293 91
293 253
293 6
293 17
293 238
293 198
293 202
293 213
293 277
293 147
293 98
293 128
293 181
293 286
293 18
293 171
293 235
293 33
293 218
293 229
293 42
293 197
293 159
293 70
293 272
293 93
293 74
293 104
293 285
293 34
293 26
293 56
293 7
293 288
293 139
293 124
293 203
59 179
59 91
59 159
59 214
59 43
59 24
59 54
59 295
59 108
59 229
59 18
59 286
59 141
59 156
59 77
59 147
59 46
59 202
59 138
59 89
59 199
59 80
59 47
59 28
59 256
59 69
59 124
59 245
59 137
59 260
59 128
59 183
59 196
59 238
59 189
59 178
59 70
59 235
59 105
59 283
59 175
59 230
59 6
59 232
230 219
230 115
230 17
230 100
230 128
230 124
230 73
230 24
230 77
230 58
230 33
230 262
230 275
230 191
230 214
230 61
230 46
230 189
230 140
230 193
230 70
230 198
230 138
230 68
230 19
230 252
230 211
230 192
230 226
230 258
230 96
230 26
230 105
230 5
230 35
230 199
230 295
230 48
230 142
230 235
205 146
205 1
205 80
205 61
205 213
205 197
205 178
205 159
205 89
205 40
205 70
205 285
205 93
205 104
205 219
205 23
205 187
205 138
205 200
205 56
205 105
205 39
205 18
205 3
205 33
205 78
205 246
205 259
205 237
205 195
205 12
205 87
205 252
205 140
205 170
205 115
205 119
205 198
205 147
205 98
205 238
205 162
205 9
205 43
205 77
205 88
205 190
205 171
105 282
105 17
105 167
105 45
105 156
105 149
105 283
105 217
105 88
105 138
105 206
105 219
105 22
105 52
105 3
105 67
105 146
105 46
105 256
105 10
105 194
105 141
105 68
105 19
105 130
105 251
105 253
105 98
105 121
105 244
105 92
105 178
105 191
105 77
105 26
105 20
105 177
105 111
105 245
105 48
105 78
105 234
105 291
105 38
105 280
105 172
282 5
282 218
282 248
282 118
282 197
282 286
282 108
282 288
282 170
282 196
282 115
282 277
282 75
282 77
282 122
282 22
282 33
282 167
282 86
282 146
282 210
282 214
282 114
282 259
282 189
282 70
282 204
282 74
282 238
282 134
282 83
282 34
282 177
282 294
282 9
282 32
282 245
282 92
282 226
282 291
22 139
22 260
22 262
22 130
22 185
22 77
22 198
22 119
22 253
22 257
22 61
22 116
22 171
22 118
22 175
22 188
22 232
22 45
22 6
22 181
22 115
22 42
22 86
22 18
22 156
22 211
22 147
22 94
22 283
22 138
22 140
22 10
22 32
22 74
22 142
22 23
22 19
22 67
22 256
96 68
96 275
96 47
96 226
96 81
96 283
96 204
96 263
96 197
96 256
96 269
96 203
96 3
96 258
96 194
96 196
96 143
96 264
96 198
96 91
96 244
96 257
96 178
96 64
96 75
96 235
96 248
96 79
96 184
96 9
96 77
96 58
96 122
96 243
96 52
96 111
96 232
96 31
96 170
96 183
96 280
96 172
96 89
96 23
238 248
238 186
238 3
238 33
238 252
238 210
238 142
238 214
238 195
238 42
238 87
238 245
238 91
238 260
238 204
238 149
238 100
238 179
238 232
238 213
238 94
238 98
238 28
238 9
238 246
238 7
238 141
238 37
238 283
238 114
238 197
238 159
238 89
238 40
238 172
238 74
238 104
238 23
238 187
238 196
238 47
238 200
238 139
238 188
187 272
187 285
187 24
187 156
187 18
187 186
187 82
187 86
187 203
187 1
187 218
187 159
187 10
187 251
187 264
187 0
187 189
187 83
187 257
187 47
187 9
187 195
187 199
187 184
187 190
187 192
187 178
187 78
187 161
187 229
187 8
187 299
187 91
187 121
187 185
187 85
187 100
187 45
187 75
187 98
140 134
140 186
140 119
140 138
140 68
140 0
140 190
140 26
140 286
140 39
140 118
140 288
140 114
140 277
140 224
140 171
140 78
140 213
140 217
140 38
140 164
140 36
140 17
140 157
140 199
140 267
140 159
140 214
140 64
140 258
140 260
140 194
140 141
140 275
140 196
140 198
140 52
140 86
140 189
140 244
140 191
140 248
140 70
140 197
234 263
234 48
234 161
234 142
234 195
234 87
234 243
234 256
234 204
234 6
234 85
234 219
234 115
234 45
234 240
234 244
234 24
234 54
234 77
234 58
234 88
234 3
234 86
234 31
234 283
234 144
234 74
234 206
234 138
234 267
234 68
234 0
234 47
234 111
234 92
234 224
234 139
234 143
234 203
234 35
234 257
234 188
234 39
18 75
18 130
18 64
18 198
18 240
18 253
18 121
18 10
18 118
18 162
18 164
18 17
18 32
18 47
18 280
18 5
18 40
18 108
18 229
18 86
18 77
18 24
18 213
18 217
18 138
18 259
18 272
18 193
18 85
18 153
18 250
18 80
18 135
18 269
18 9
18 203
18 258
18 7
31 188
31 80
31 82
31 203
31 137
31 258
31 192
31 139
31 20
31 262
31 121
31 297
31 189
31 244
31 178
31 299
31 248
31 48
31 52
31 294
31 186
31 175
31 296
31 245
31 157
31 161
31 42
31 167
31 277
31 79
31 92
31 202
31 217
31 272
31 72
31 153
31 74
31 9
31 142
31 197
31 252
31 26
188 46
188 229
188 91
188 170
188 10
188 85
188 115
188 179
188 183
188 0
188 213
188 147
188 128
188 47
188 32
188 88
188 135
188 5
188 35
188 267
188 80
188 159
188 260
188 194
188 153
188 104
188 23
188 157
188 198
188 211
188 72
188 200
188 36
188 17
188 206
188 164
188 248
188 197
188 252
188 143
188 154
188 199
188 118
188 33
17 61
17 0
17 171
17 118
17 283
17 43
17 56
17 177
17 219
17 153
17 89
17 38
17 280
17 5
17 143
17 77
17 198
17 8
17 79
17 28
17 149
17 6
17 138
17 259
17 19
17 135
17 137
17 179
17 192
17 139
17 260
17 73
17 128
17 51
17 64
17 185
17 1
17 108
17 114
252 10
252 70
252 179
252 130
252 19
252 183
252 34
252 128
252 277
252 9
252 43
252 77
252 88
252 171
252 5
252 80
252 256
252 172
252 134
252 68
252 8
252 38
252 72
252 83
252 295
252 6
252 200
252 139
252 203
252 54
252 283
252 186
252 3
252 33
61 135
61 256
61 82
61 194
61 141
61 134
61 297
61 178
61 191
61 114
61 12
61 237
61 184
61 296
61 232
61 91
61 104
61 9
61 51
61 32
61 161
61 56
61 218
61 86
61 143
61 156
61 20
61 79
61 92
61 213
61 81
61 283
61 48
61 204
61 217
61 138
61 272
61 85
61 23
61 153
61 195
61 87
61 197
61 146
61 267
139 82
139 286
139 178
139 299
139 67
139 211
139 164
139 142
139 210
139 144
139 267
139 280
139 256
139 269
139 203
139 56
139 7
139 37
139 192
139 260
139 141
139 262
139 251
139 143
139 118
139 122
139 200
139 248
139 237
139 184
139 121
139 85
139 115
139 296
139 243
139 119
139 100
139 232
139 179
139 45
139 43
139 240
139 88
108 179
108 69
108 157
108 170
108 172
108 295
108 218
108 23
108 286
108 8
108 288
108 143
108 226
108 147
108 202
108 100
108 162
108 204
108 138
108 98
108 43
108 73
108 88
108 33
108 194
108 1
108 183
108 130
108 264
108 89
108 40
108 121
108 93
108 74
108 104
108 244
108 72
108 235
108 248
108 47
108 171
108 51
108 177
179 195
179 23
179 250
179 184
179 8
179 296
179 243
179 85
179 36
179 232
179 149
179 130
179 181
179 177
179 77
179 137
179 288
179 1
179 144
179 46
179 204
179 70
179 206
179 74
179 19
179 38
179 72
179 28
179 111
179 194
179 262
179 196
179 251
179 5
179 118
179 189
179 244
179 246
52 183
52 6
52 64
52 253
52 189
52 257
52 299
52 114
52 237
52 63
52 184
52 118
52 294
52 175
52 296
52 12
52 42
52 58
52 157
52 10
52 40
52 291
52 159
52 280
52 161
52 19
52 154
52 167
52 9
52 277
52 32
52 224
52 79
52 7
52 94
52 138
52 219
52 74
52 263
52 44
52 78
52 67
52 23
52 203
52 137
24 185
24 240
24 189
24 244
24 191
24 246
24 116
24 250
24 171
24 184
24 39
24 162
24 283
24 43
24 164
24 177
24 100
24 170
24 91
24 159
24 51
24 161
24 277
24 224
24 149
24 3
24 204
24 217
24 195
24 210
24 144
24 78
24 122
24 258
24 58
24 181
24 194
24 128
24 75
185 294
185 122
185 217
185 63
185 285
185 67
185 146
185 12
185 170
185 267
185 280
185 153
185 104
185 119
185 138
185 68
185 0
185 72
185 147
185 277
185 181
185 28
185 51
185 81
185 189
185 202
185 141
185 171
185 5
185 250
185 118
185 114
185 44
185 172
185 8
185 295
185 85
185 149
185 100
185 164
185 244
185 75
185 98
185 79
43 198
43 68
43 189
43 299
43 259
43 193
43 118
43 111
43 232
43 3
43 291
43 229
43 44
43 286
43 86
43 167
43 88
43 211
43 0
43 226
43 202
43 94
43 9
43 219
43 32
43 142
43 7
43 197
43 89
43 144
43 269
43 69
43 141
43 262
43 75
43 264
198 250
198 263
198 190
198 199
198 135
198 116
198 1
198 80
198 114
198 89
198 172
198 138
198 83
198 244
198 299
198 111
198 224
198 237
198 56
198 226
198 219
198 48
198 78
198 191
198 23
198 8
198 189
198 121
198 149
198 183
198 94
198 202
198 79
198 204
198 181
170 122
170 186
170 296
170 48
170 142
170 87
170 91
170 291
170 36
170 119
170 229
170 130
170 98
170 288
170 277
170 213
170 156
170 58
170 33
170 63
170 219
170 42
170 267
170 10
170 89
170 256
170 68
170 0
170 251
170 264
170 47
170 81
170 164
170 189
170 7
170 193
170 248
170 39
170 197
10 210
10 67
10 124
10 258
10 192
10 181
10 183
10 75
10 251
10 264
10 7
10 121
10 134
10 68
10 189
10 178
10 237
10 250
10 184
10 294
10 122
10 164
10 56
10 34
10 6
10 51
10 286
10 167
10 277
10 92
10 149
10 83
10 204
10 217
10 138
10 72
10 195
54 64
54 38
54 119
54 253
54 134
54 6
54 36
54 299
54 70
54 191
54 167
54 248
54 116
54 63
54 226
54 164
54 285
54 98
54 219
54 232
54 104
54 46
54 40
54 86
54 154
54 288
54 81
54 202
54 83
54 85
54 37
54 263
54 146
54 267
54 67
54 44
54 260
54 128
54 262
64 178
64 191
64 193
64 235
64 3
64 195
64 237
64 250
64 186
64 175
64 122
64 177
64 245
64 100
64 288
64 277
64 92
64 213
64 202
64 94
64 39
64 74
64 89
64 144
64 199
64 91
64 80
64 82
64 203
64 137
64 36
64 86
64 130
64 251
64 143
64 45
64 79
64 200
64 121
64 134
147 189
147 28
147 111
147 92
147 7
147 141
147 197
147 20
147 232
147 181
147 251
147 6
147 235
147 224
147 75
147 171
147 213
147 79
147 149
147 162
147 164
147 210
147 67
147 80
147 12
147 42
147 203
147 258
147 40
147 70
147 154
147 275
147 74
147 134
147 253
147 200
12 67
12 69
12 82
12 124
12 245
12 73
12 128
12 262
12 196
12 0
12 240
12 121
12 191
12 246
12 46
12 167
12 48
12 162
12 296
12 45
12 104
12 172
12 93
12 161
12 20
12 141
12 33
12 77
12 200
12 92
12 257
12 83
12 197
12 144
67 124
67 137
67 192
67 141
67 40
67 183
67 196
67 130
67 297
67 70
67 191
67 9
67 193
67 237
67 294
67 296
67 5
67 115
67 44
67 280
67 218
67 286
67 86
67 275
67 88
67 6
67 156
67 211
67 226
67 149
67 283
67 83
67 204
67 138
67 72
67 144
67 63
67 78
80 93
80 256
80 192
80 40
80 128
80 68
80 189
80 299
80 246
80 32
80 114
80 235
80 26
80 7
80 37
80 250
80 184
80 186
80 5
80 35
80 39
80 181
80 295
80 218
80 275
80 167
80 88
80 156
80 211
80 149
80 83
80 217
80 77
80 58
80 98
80 263
80 33
80 63
80 210
80 199
80 91
58 183
58 251
58 77
58 36
58 114
58 111
58 245
58 37
58 159
58 214
58 229
58 218
58 156
58 149
58 204
58 217
58 259
58 206
58 32
58 74
58 195
58 142
58 199
58 91
58 146
58 267
58 5
58 35
58 256
58 190
58 20
58 192
58 73
58 128
183 88
183 206
183 197
183 256
183 40
183 70
183 74
183 251
183 240
183 47
183 28
183 9
183 297
183 226
183 144
183 296
183 217
183 285
183 48
183 153
183 8
183 72
183 269
183 85
183 115
183 51
183 111
183 260
183 100
183 175
183 196
183 79
183 124
183 154
3 130
3 253
3 295
3 244
3 299
3 46
3 114
3 237
3 118
3 243
3 164
3 285
3 56
3 111
3 32
3 45
3 100
3 172
3 40
3 161
3 286
3 20
3 288
3 35
3 224
3 200
3 272
3 87
3 250
3 144
3 78
3 135
3 190
3 203
3 124
3 258
3 192
91 294
91 186
91 44
91 296
91 89
91 243
91 177
91 74
91 245
91 8
91 83
91 280
91 240
91 51
91 297
91 45
91 167
91 211
91 48
91 206
91 98
91 87
91 46
91 267
91 135
91 19
91 130
91 264
91 9
91 77
91 202
91 7
91 193
91 114
91 35
91 1
91 250
260 214
260 272
260 159
260 89
260 263
260 253
260 134
260 206
260 68
260 251
260 47
260 28
260 9
260 81
260 245
260 92
260 194
260 297
260 124
260 184
260 5
260 218
260 299
260 288
260 48
260 296
260 38
260 121
260 85
260 219
260 115
260 269
260 137
260 88
267 114
267 144
267 197
267 40
267 93
267 257
267 288
267 19
267 72
267 28
267 283
267 245
267 285
267 243
267 175
267 7
267 37
267 258
267 143
267 167
267 246
267 78
267 210
267 161
267 195
267 87
267 36
267 119
267 128
267 256
267 137
267 146
267 248
267 229
267 214
79 32
79 114
79 26
79 20
79 172
79 93
79 161
79 295
79 297
79 6
79 86
79 275
79 167
79 202
79 83
79 204
79 285
79 206
79 153
79 33
79 48
79 199
79 1
79 135
79 203
79 258
79 40
79 70
79 253
98 257
98 138
98 259
98 72
98 237
98 184
98 51
98 190
98 111
98 232
98 181
98 291
98 240
98 48
98 297
98 42
98 178
98 167
98 288
98 46
98 277
98 211
98 19
98 162
98 283
98 217
98 164
98 142
98 77
98 146
98 26
98 7
98 214
98 269
98 251
98 143
98 74
78 100
78 70
78 0
78 34
78 86
78 28
78 275
78 167
78 288
78 51
78 32
78 213
78 204
78 39
78 153
78 87
78 48
78 190
78 258
78 38
78 128
78 262
78 6
78 251
78 143
78 119
78 240
78 299
78 73
78 116
78 184
78 118
78 63
78 164
78 232
78 245
115 195
115 250
115 171
115 118
115 296
115 122
115 177
115 181
115 6
115 157
115 286
115 9
115 154
115 77
115 156
115 211
115 283
115 217
115 146
115 19
115 256
115 8
115 258
115 192
115 47
115 194
115 128
115 51
115 92
115 130
115 26
115 119
115 200
115 178
115 246
115 259
115 69
115 235
195 256
195 130
195 19
195 177
195 128
195 162
195 192
195 9
195 240
195 190
195 146
195 235
195 237
195 219
195 157
195 8
195 87
195 38
195 36
195 214
195 203
195 175
195 143
195 154
195 73
195 69
195 200
195 63
195 259
195 206
195 1
195 42
195 250
195 46
195 70
121 186
121 122
121 243
121 88
121 124
121 181
121 86
121 42
121 240
121 229
121 286
121 104
121 275
121 167
121 19
121 204
121 81
121 92
121 285
121 142
121 197
121 5
121 214
121 39
121 20
121 135
121 203
121 44
121 48
121 194
121 130
121 200
121 259
121 100
128 134
128 82
128 63
128 191
128 116
128 193
128 248
128 1
128 70
128 74
128 245
128 19
128 34
128 291
128 47
128 159
128 161
128 26
128 7
128 218
128 154
128 124
128 156
128 213
128 226
128 149
128 283
128 204
128 217
128 206
128 23
128 38
128 135
128 143
134 153
134 73
134 210
134 146
134 37
134 33
134 256
134 192
134 46
134 196
134 264
134 40
134 104
134 244
134 19
134 246
134 72
134 237
134 81
134 175
134 35
134 63
134 48
134 229
134 167
134 288
134 156
134 211
134 226
134 217
134 94
134 45
134 75
237 200
237 295
237 149
237 194
237 224
237 143
237 77
237 88
237 294
237 186
237 82
237 285
237 146
237 161
237 193
237 204
237 19
237 0
237 213
237 275
237 177
237 264
237 9
237 111
237 226
237 171
237 272
237 135
237 199
237 69
237 258
237 217
237 38
114 199
114 146
114 45
114 203
114 196
114 130
114 244
114 204
114 259
114 46
114 186
114 68
114 19
114 243
114 0
114 72
114 124
114 245
114 34
114 291
114 56
114 240
114 288
114 156
114 224
114 44
114 213
114 294
114 23
114 272
114 153
114 263
114 85
114 144
199 269
199 40
199 218
199 138
199 264
199 253
199 213
199 32
199 204
199 246
199 56
199 250
199 124
199 35
199 39
199 69
199 20
199 243
199 256
199 245
199 258
199 48
199 38
199 85
199 100
199 164
199 45
199 156
199 122
199 141
199 33
199 63
199 146
250 6
250 119
250 149
250 264
250 232
250 0
250 257
250 28
250 192
250 137
250 263
250 135
250 248
250 46
250 197
250 159
250 70
250 74
250 153
250 251
250 23
250 217
250 240
250 38
250 83
250 299
250 200
250 175
250 26
250 143
250 184
250 35
250 272
250 118
250 69
250 33
250 63
250 142
250 214
124 218
124 42
124 286
124 46
124 85
124 213
124 119
124 0
124 162
124 285
124 206
124 47
124 263
124 37
124 146
124 256
124 258
124 35
124 196
124 44
124 251
124 89
124 253
124 23
124 189
124 257
124 8
124 38
124 204
124 193
124 177
124 63
124 48
26 86
26 288
26 277
26 211
26 224
26 37
26 92
26 94
26 85
26 153
26 74
26 87
26 269
26 190
26 23
26 192
26 181
26 262
26 75
26 130
26 119
26 189
26 178
26 235
26 248
26 48
26 116
26 226
26 118
26 186
26 122
26 177
26 295
26 19
26 44
86 192
86 196
86 143
86 48
86 191
86 246
86 259
86 171
86 184
86 186
86 296
86 111
86 45
86 75
86 181
86 73
86 159
86 280
86 69
86 229
86 82
86 299
86 154
86 46
86 40
86 70
86 204
86 272
86 83
86 157
86 214
86 256
86 269
86 190
177 202
177 87
177 191
177 259
177 85
177 184
177 197
177 149
177 243
177 245
177 82
177 240
177 229
177 178
177 144
177 89
177 93
177 226
177 157
177 138
177 68
177 272
177 51
177 32
177 111
177 203
177 143
177 218
177 69
177 20
177 275
70 263
70 197
70 210
70 190
70 82
70 7
70 141
70 75
70 240
70 46
70 297
70 246
70 184
70 294
70 285
70 219
70 291
70 280
70 172
70 214
70 229
70 286
70 63
70 288
70 143
70 156
70 211
70 213
70 94
70 6
206 285
206 232
206 0
206 210
206 32
206 214
206 269
206 218
206 262
206 275
206 154
206 35
206 277
206 39
206 44
206 48
206 259
206 263
206 256
206 100
206 164
206 94
206 253
206 171
206 297
206 116
206 288
206 40
206 283
206 172
93 142
93 263
93 157
93 159
93 214
93 135
93 23
93 137
93 141
93 196
93 130
93 264
93 36
93 244
93 257
93 259
93 193
93 88
93 82
93 33
93 122
93 243
93 111
93 245
93 42
93 46
93 181
93 89
93 172
93 74
93 161
93 68
93 286
93 178
93 28
93 235
93 92
93 226
93 56
93 285
93 5
88 196
88 240
88 244
88 20
88 193
88 248
88 44
88 87
88 164
88 111
88 232
88 245
88 100
88 85
88 157
88 291
88 280
88 75
88 229
88 286
88 73
88 156
88 283
88 217
88 142
88 144
88 135
88 34
88 192
88 81
88 262
47 81
47 202
47 149
47 283
47 23
47 272
47 85
47 89
47 146
47 45
47 194
47 68
47 189
47 191
47 1
47 193
47 235
47 48
47 122
47 243
47 159
47 37
47 154
47 167
47 20
47 143
47 156
47 277
82 46
82 74
82 257
82 178
82 68
82 193
82 72
82 248
82 184
82 51
82 296
82 56
82 245
82 161
82 229
82 48
82 218
82 275
82 277
82 213
82 6
82 202
82 83
82 204
82 45
82 75
82 153
82 9
82 37
82 137
82 192
142 190
142 40
142 245
142 104
142 181
142 68
142 0
142 159
142 172
142 240
142 9
142 297
142 218
142 154
142 235
142 156
142 211
142 39
142 122
142 144
142 130
142 194
142 253
142 257
142 246
142 33
142 248
142 175
190 200
190 104
190 34
190 28
190 77
190 156
190 7
190 171
190 5
190 39
190 69
190 20
190 295
190 244
190 157
190 288
190 294
190 6
190 85
190 36
190 296
190 217
190 285
190 219
190 232
190 154
190 291
190 214
190 167
190 218
190 116
40 263
40 35
40 197
40 210
40 269
40 137
40 262
40 38
40 251
40 297
40 189
40 257
40 162
40 111
40 280
40 172
40 161
40 295
40 229
40 44
40 286
40 0
40 211
40 81
40 259
40 272
40 74
45 257
45 246
45 296
45 164
45 219
45 214
45 33
45 275
45 167
45 42
45 156
45 213
45 81
45 202
45 149
45 83
45 72
45 153
45 32
45 269
45 203
45 137
45 73
45 141
45 262
45 5
45 196
45 77
45 240
45 297
257 75
257 263
257 211
257 28
257 162
257 77
257 7
257 1
257 197
257 44
257 178
257 157
257 138
257 8
257 294
257 32
257 111
257 164
257 243
257 154
257 291
257 39
257 122
257 235
257 63
257 161
257 277
257 149
257 100
257 130
257 213
72 94
72 149
72 283
72 204
72 0
72 217
72 263
72 89
72 7
72 135
72 269
72 258
72 192
72 196
72 251
72 264
72 77
72 253
72 23
72 248
72 116
72 184
72 32
72 294
72 175
72 39
72 104
72 172
72 229
72 1
94 299
94 259
94 81
94 32
94 116
94 56
94 243
94 69
94 181
94 104
94 218
94 275
94 167
94 6
94 85
94 75
94 285
94 197
94 210
94 33
94 214
94 269
94 1
94 258
94 192
94 46
94 141
94 143
116 137
116 258
116 100
116 73
116 259
116 33
116 171
116 184
116 294
116 186
116 175
116 243
116 245
116 83
116 161
116 28
116 9
116 218
116 32
116 154
116 275
116 288
116 211
116 224
116 5
116 35
116 204
116 217
116 272
116 219
116 135
116 269
116 203
137 143
137 178
137 74
137 248
137 68
137 19
137 34
137 245
137 181
137 295
137 118
137 69
137 20
137 297
137 286
137 156
137 23
137 211
137 87
137 149
137 204
137 217
137 85
137 164
137 285
137 157
137 280
137 194
137 141
135 275
135 143
135 264
135 200
135 189
135 83
135 246
135 9
135 37
135 232
135 69
135 181
135 8
135 87
135 38
135 277
135 36
135 149
135 162
135 164
135 263
135 214
135 203
19 204
19 259
19 263
19 9
19 194
19 251
19 240
19 68
19 191
19 248
19 48
19 171
19 118
19 39
19 6
19 162
19 100
19 34
19 38
19 159
19 51
19 214
19 161
19 295
19 229
19 275
19 288
19 224
19 213
204 34
204 32
204 92
204 171
204 184
204 39
204 69
204 144
204 178
204 288
204 172
204 283
204 6
204 272
204 130
204 210
204 277
204 1
204 213
204 189
204 193
204 89
204 246
204 153
204 119
258 299
258 214
258 42
258 144
258 294
258 285
258 68
258 232
258 83
258 196
258 211
258 9
258 81
258 111
258 92
258 175
258 269
258 56
258 39
258 20
258 122
258 197
258 44
258 23
258 259
258 6
258 149
258 164
258 186
258 63
248 213
248 262
248 162
248 264
248 156
248 33
248 259
248 42
248 89
248 138
248 68
248 81
248 111
248 295
248 194
248 143
248 39
248 69
248 167
248 285
248 8
248 189
248 291
248 36
83 0
83 259
83 197
83 89
83 56
83 37
83 256
83 269
83 203
83 5
83 35
83 141
83 251
83 48
83 119
83 253
83 23
83 8
83 299
83 191
83 171
83 296
83 122
83 243
83 245
83 157
83 291
83 104
83 33
83 154
83 275
83 92
68 272
68 219
68 87
68 263
68 33
68 146
68 69
68 203
68 200
68 34
68 246
68 294
68 111
68 20
68 104
68 295
68 38
68 286
68 154
68 275
68 277
68 81
68 202
68 162
263 253
263 74
263 104
263 202
263 0
263 34
263 181
263 28
263 245
263 175
263 56
263 7
263 37
263 229
263 39
263 48
263 217
263 38
263 251
263 36
263 243
263 299
263 288
263 246
263 146
263 259
263 189
253 171
253 229
253 214
253 244
253 144
253 153
253 104
253 299
253 28
253 9
253 111
253 224
253 175
253 296
253 56
253 184
253 39
253 69
253 44
253 210
253 161
253 240
253 262
253 189
253 264
253 219
253 36
253 149
218 269
218 154
218 5
218 262
218 157
218 75
218 203
218 33
218 240
218 295
218 146
218 189
218 159
218 193
218 89
218 104
218 138
218 202
218 296
218 285
218 232
218 196
218 211
218 162
218 51
218 291
269 89
269 153
269 104
269 217
269 272
269 38
269 28
269 219
269 51
269 81
269 203
269 184
269 5
269 246
269 297
269 191
269 214
269 193
269 6
269 36
269 294
269 296
269 0
269 75
269 211
269 192
269 245
269 156
269 7
269 171
130 193
130 77
130 33
130 294
130 186
130 296
130 243
130 42
130 104
130 159
130 172
130 286
130 111
130 92
130 7
130 283
130 138
130 272
130 122
130 210
130 87
130 203
130 36
130 251
130 75
130 178
130 259
193 28
193 162
193 245
193 73
193 156
193 37
193 251
193 1
193 244
193 144
193 299
193 44
193 104
193 224
193 138
193 92
193 203
193 118
193 264
193 161
193 191
193 213
193 42
193 87
171 194
171 262
171 85
171 36
171 51
171 211
171 164
171 75
171 259
171 33
171 167
171 161
171 296
171 245
171 46
171 192
171 178
171 92
171 277
171 7
171 37
171 226
171 294
171 48
171 280
194 186
194 235
194 146
194 42
194 46
194 178
194 89
194 219
194 157
194 138
194 210
194 0
194 28
194 203
194 56
194 37
194 262
194 277
194 184
194 35
194 161
194 197
194 8
194 85
194 149
194 164
194 75
194 229
194 297
75 299
75 33
75 184
75 285
75 28
75 51
75 37
75 154
75 167
75 143
75 264
75 277
75 138
75 259
75 153
75 87
75 210
75 144
75 192
75 141
75 262
75 77
75 297
196 213
196 63
196 283
196 285
196 219
196 210
196 214
196 172
196 251
196 81
196 32
196 259
196 143
196 20
196 197
196 243
196 256
196 245
196 240
196 295
196 119
196 149
196 224
210 74
210 157
210 240
210 297
210 81
210 111
210 92
210 299
210 288
210 37
210 203
210 184
210 5
210 118
210 122
210 272
210 219
210 186
210 48
210 119
210 149
210 0
210 277
210 73
210 77
210 156
210 33
210 46
0 85
0 6
0 184
0 56
0 203
0 245
0 192
0 7
0 51
0 172
0 240
0 229
0 297
0 167
0 288
0 224
0 226
0 294
0 164
0 232
0 32
0 291
0 159
0 286
0 154
0 277
32 35
32 211
32 92
32 8
32 81
32 162
32 283
32 217
32 153
32 146
32 192
32 119
32 189
32 28
32 7
32 36
32 51
32 172
32 161
32 295
32 1
32 229
32 297
32 286
32 46
35 295
35 44
35 154
35 167
35 143
35 211
35 224
35 200
35 92
35 272
35 153
35 74
35 256
35 181
35 73
35 77
35 297
35 244
35 235
35 118
35 39
35 296
35 285
35 56
35 34
35 157
35 104
81 156
81 34
81 213
81 149
81 37
81 272
81 100
81 5
81 157
81 146
81 256
81 44
81 203
81 192
81 189
81 178
81 118
81 186
81 245
81 119
81 240
81 295
81 275
156 37
156 200
156 202
156 154
156 5
156 243
156 232
156 181
156 85
156 119
156 235
156 277
156 224
156 226
156 63
156 162
156 285
156 42
156 74
156 153
156 280
34 272
34 23
34 8
34 186
34 6
34 146
34 69
34 203
34 73
34 119
34 244
34 191
34 246
34 167
34 63
34 294
34 162
34 175
34 164
34 36
34 157
34 38
34 159
34 172
34 214
34 229
34 7
34 42
34 286
34 264
34 200
39 159
39 44
39 286
39 154
39 167
39 213
39 85
39 153
39 197
39 264
39 191
39 259
39 235
39 63
39 1
39 20
39 175
39 122
39 111
39 38
159 69
159 48
159 87
159 38
159 36
159 200
159 189
159 202
159 154
159 197
159 77
159 63
159 161
159 295
159 153
159 229
159 286
159 226
159 217
144 280
144 256
144 104
144 251
144 28
144 189
144 191
144 122
144 44
144 175
144 245
144 291
144 172
144 85
144 36
144 119
144 286
144 277
144 294
144 162
144 63
89 197
89 38
89 143
89 119
89 178
89 299
89 191
89 246
89 235
89 48
89 175
89 23
89 164
89 6
89 104
89 77
89 211
89 7
89 37
89 33
89 226
89 202
89 1
42 192
42 251
42 51
42 240
42 8
42 46
42 226
42 294
42 175
42 164
42 9
42 111
42 100
42 104
42 211
42 213
42 202
42 138
42 272
42 28
42 87
42 197
42 186
42 146
28 200
28 213
28 259
28 153
28 74
28 186
28 20
28 245
28 178
28 6
28 48
28 283
28 243
28 56
28 232
28 38
28 1
28 286
28 77
5 44
5 288
5 217
5 138
5 74
5 87
5 8
5 192
5 262
5 264
5 119
5 189
5 244
5 46
5 48
5 118
5 162
5 296
5 56
143 297
143 37
143 224
143 44
143 162
143 104
143 138
143 38
143 157
143 280
143 161
143 51
143 203
143 111
143 122
143 33
143 85
213 56
213 37
213 69
213 122
213 240
213 229
213 87
213 286
213 288
213 85
213 36
213 100
213 285
213 33
213 74
213 157
213 138
7 20
7 37
7 87
7 8
7 63
7 146
7 256
7 181
7 73
7 262
7 9
7 240
7 189
7 44
7 46
7 167
7 283
7 164
7 100
7 157
256 1
256 299
256 202
256 181
256 162
256 285
256 245
256 141
256 280
256 118
256 69
256 178
256 172
256 217
256 85
256 119
256 63
256 146
256 191
56 154
56 167
56 38
56 277
56 36
56 149
56 219
56 74
56 197
56 192
56 262
56 251
56 264
56 244
56 178
56 246
56 235
56 63
56 226
56 172
56 214
56 44
56 229
69 280
69 295
69 46
69 297
69 149
69 217
69 138
69 153
69 74
69 146
69 20
69 119
69 8
69 38
69 244
69 178
69 36
69 259
69 184
69 164
69 100
146 191
146 51
146 184
146 294
146 243
146 280
146 297
146 154
146 6
146 85
146 100
146 211
146 285
146 77
146 33
146 157
154 37
154 118
154 224
154 294
154 217
154 285
154 23
154 8
154 100
154 192
154 251
154 73
154 77
154 141
154 33
154 191
154 259
154 197
154 175
154 138
154 232
154 291
154 92
154 240
122 87
122 172
122 297
122 244
122 100
122 277
122 224
122 226
122 283
122 217
122 161
122 203
122 74
122 23
122 141
122 262
122 264
122 211
122 92
122 118
122 232
122 33
122 181
172 20
172 44
172 167
172 161
172 38
172 6
172 36
172 264
172 149
172 200
172 246
172 9
172 77
172 63
172 291
172 244
172 299
172 111
172 283
172 217
226 264
226 272
226 48
226 245
226 189
226 251
226 100
226 297
226 244
226 286
226 235
226 294
226 291
226 44
226 104
226 23
226 138
226 8
264 77
264 229
264 1
264 20
264 104
264 217
264 240
264 8
264 224
264 297
264 184
264 118
264 296
264 214
264 189
264 6
264 202
264 262
264 181
264 192
264 9
264 73
100 87
100 38
100 294
100 175
100 36
100 104
100 280
100 73
100 224
100 1
100 149
100 214
100 92
100 37
100 200
100 20
100 202
100 178
100 191
138 272
138 219
138 203
138 44
138 200
138 189
138 178
138 197
138 51
138 175
138 245
138 211
138 104
9 200
9 149
9 63
9 197
9 186
9 243
9 245
9 51
9 46
9 235
9 118
9 294
9 296
9 164
9 153
9 157
9 38
9 214
9 277
9 77
280 178
280 157
280 87
280 288
280 200
280 164
280 175
280 73
280 118
280 235
280 33
280 244
280 189
280 104
280 119
280 262
280 162
280 192
280 77
8 243
8 111
8 291
8 104
8 214
8 37
8 73
8 189
8 244
8 178
8 167
8 48
8 1
8 118
272 232
272 262
272 251
272 200
272 245
272 164
272 175
272 277
272 118
272 87
272 6
272 85
272 219
272 162
272 229
272 46
272 153
272 104
285 157
285 283
285 224
285 184
285 73
285 118
285 235
285 33
285 244
285 149
285 192
285 229
285 288
285 197
44 291
44 20
44 229
44 286
44 224
44 200
44 217
44 36
44 186
44 73
44 33
44 141
44 240
44 1
44 244
44 178
44 299
44 46
44 235
44 38
44 294
44 243
161 20
161 48
161 240
161 297
161 178
161 167
161 235
161 224
161 73
161 1
161 251
161 202
161 184
161 37
161 175
161 296
164 288
164 51
164 111
164 217
164 63
164 277
164 46
164 74
164 149
164 246
164 162
164 37
164 240
288 243
288 286
288 294
288 167
288 191
288 87
288 38
288 85
288 36
288 211
288 162
288 275
288 37
288 33
288 74
288 295
288 111
288 92
153 157
153 214
153 203
153 251
153 202
153 191
153 197
153 243
153 6
153 181
153 299
153 37
153 211
157 219
157 211
157 200
157 259
157 63
157 1
157 46
157 243
157 74
157 291
157 286
157 178
157 141
157 235
243 38
243 189
243 85
243 232
243 77
243 141
243 37
243 33
243 275
243 217
243 92
243 295
243 186
243 244
275 277
275 197
275 178
275 23
275 38
275 251
275 6
275 85
275 200
275 149
275 295
275 297
275 299
275 167
275 63
275 1
275 214
275 119
275 111
277 175
277 184
277 20
277 48
277 191
277 6
277 219
277 224
277 192
277 63
277 244
277 202
277 262
277 295
295 286
295 6
295 119
295 296
295 202
295 162
295 192
295 141
295 46
295 104
295 219
48 51
48 297
48 211
48 162
48 141
48 262
48 299
48 246
48 23
48 294
48 186
20 224
20 283
20 217
20 87
20 192
20 77
20 119
20 240
20 189
20 178
20 299
20 46
20 6
20 118
20 175
20 296
20 36
178 203
178 262
178 211
178 189
178 246
178 74
178 149
178 51
178 141
178 297
178 244
178 87
178 38
51 224
51 33
51 162
51 87
51 214
51 37
51 259
51 175
51 296
51 38
51 119
51 229
51 297
296 87
296 38
296 200
296 283
296 224
296 286
296 33
296 46
296 299
296 74
296 202
296 262
296 175
296 184
296 167
296 291
200 224
200 162
200 1
200 184
200 63
200 245
200 291
200 46
200 85
224 294
224 232
224 186
224 33
224 23
224 149
224 202
224 197
224 291
224 38
291 191
291 23
291 240
291 85
291 119
291 162
291 192
291 77
291 141
291 33
291 63
291 175
291 203
38 283
38 232
38 202
38 149
38 74
38 203
38 119
38 240
38 189
38 244
38 37
38 184
283 294
283 203
283 184
283 235
283 186
283 167
283 63
283 232
283 262
283 211
283 141
283 37
283 229
283 297
283 74
87 175
87 111
87 92
87 85
87 36
87 141
87 297
87 33
87 244
87 191
87 246
87 1
87 46
87 184
175 219
175 141
175 63
175 46
175 74
175 104
175 189
175 244
175 246
175 186
175 37
175 286
189 1
189 299
189 74
189 111
189 211
189 85
6 184
6 104
6 229
6 1
6 202
6 217
6 219
6 251
6 244
119 118
119 186
119 33
119 181
119 240
119 167
119 77
119 37
119 219
119 214
119 23
119 262
119 36
119 191
191 229
191 286
191 235
191 104
191 219
191 92
191 211
191 167
191 23
294 85
294 219
294 203
294 73
294 33
294 167
294 63
294 259
294 74
294 202
294 245
294 118
294 23
77 184
77 186
77 245
77 104
77 286
77 235
77 219
77 141
299 73
299 286
299 244
299 259
299 202
299 232
299 181
299 192
299 37
299 23
299 240
186 251
186 149
186 229
186 181
186 235
186 141
186 37
186 203
186 262
186 202
251 141
251 46
251 245
251 229
251 23
251 240
251 85
251 286
240 118
240 33
240 167
240 1
240 104
240 141
240 244
240 219
1 297
1 246
1 63
1 181
1 46
1 167
1 92
1 149
1 23
63 181
63 297
63 219
63 46
63 214
63 141
63 92
63 202
63 217
63 197
63 192
192 104
192 297
192 235
192 217
197 104
197 162
197 211
197 259
197 23
197 297
197 244
197 73
197 118
181 184
181 245
181 92
181 141
181 37
181 286
181 246
181 232
181 36
181 111
245 46
245 259
245 202
245 211
245 92
245 203
149 111
149 217
149 73
149 33
149 104
202 297
202 36
202 217
202 73
202 118
202 33
202 85
259 162
259 141
259 219
259 36
259 286
259 262
259 214
259 46
262 229
262 104
262 219
262 111
262 92
262 167
262 246
262 23
262 232
262 162
203 244
203 235
203 74
203 219
203 92
203 167
203 36
203 162
203 141
162 36
162 118
162 33
162 92
162 37
162 214
162 104
162 211
37 141
37 219
37 232
141 104
141 184
141 23
141 286
211 92
211 118
211 244
211 235
211 73
232 33
232 244
232 46
232 217
232 111
232 92
167 244
167 85
167 36
167 214
167 246
167 74
219 111
219 92
219 36
219 297
219 46
286 184
286 118
286 36
286 73
286 229
286 111
92 36
92 235
92 73
92 104
23 111
23 85
23 235
23 118
111 73
111 33
111 184
111 297
36 229
36 85
36 297
118 214
118 246
85 184
85 297
85 217
85 73
85 246
85 74
235 297
184 73
184 214
184 74
184 104
184 244
184 246
246 73
246 229
46 214
46 229
217 244
217 73
217 74
74 229
74 73
104 214
244 229