300 7500
65 278
65 91
65 93
65 190
65 205
65 260
65 73
65 49
65 0
65 249
65 196
65 34
65 132
65 9
65 266
65 134
65 246
65 129
65 250
65 1
65 171
65 294
65 186
65 107
65 120
65 175
65 67
65 111
65 113
65 38
65 170
65 291
65 172
65 106
65 240
65 95
65 32
65 165
65 286
65 26
65 233
65 15
65 41
65 145
65 147
65 160
65 96
65 285
65 221
65 12
278 144
278 208
278 231
278 29
278 272
278 74
278 240
278 102
278 166
278 224
278 228
278 139
278 90
278 222
278 290
278 237
278 188
278 99
278 103
278 182
278 84
278 283
278 97
278 1
278 244
278 61
278 253
278 21
278 155
278 282
278 257
278 179
278 64
278 147
278 245
278 62
278 281
278 239
278 56
278 7
278 171
278 41
278 71
278 116
278 248
278 229
278 80
278 50
278 263
62 209
62 101
62 58
62 103
62 213
62 226
62 270
62 85
62 261
62 274
62 263
62 76
62 197
62 210
62 212
62 247
62 194
62 128
62 51
62 187
62 134
62 189
62 178
62 112
62 180
62 114
62 127
62 44
62 116
62 184
62 118
62 173
62 109
62 243
62 98
62 111
62 245
62 179
62 181
62 55
62 6
62 161
62 295
62 108
62 97
62 218
62 231
62 152
62 167
209 13
209 244
209 220
209 141
209 101
209 120
209 237
209 292
209 169
209 208
209 272
209 29
209 172
209 138
209 27
209 38
209 212
209 280
209 216
209 145
209 139
209 154
209 43
209 188
209 133
209 163
209 82
209 263
209 12
209 76
209 95
209 189
209 140
209 91
209 193
209 10
209 40
209 204
209 245
209 258
209 247
209 53
209 98
209 47
209 181
209 9
209 229
209 242
209 284
7 273
7 99
7 22
7 143
7 156
7 24
7 145
7 81
7 202
7 136
7 270
7 87
7 10
7 146
7 67
7 201
7 243
7 256
7 124
7 258
7 128
7 183
7 130
7 11
7 108
7 44
7 57
7 114
7 169
7 118
7 239
7 228
7 54
7 43
7 164
7 166
7 221
7 234
7 276
7 47
7 170
7 291
7 104
7 172
7 161
7 95
7 229
7 163
7 97
273 141
273 254
273 135
273 288
273 105
273 5
273 50
273 114
273 48
273 206
273 23
273 236
273 217
273 274
273 221
273 72
273 136
273 117
273 6
273 36
273 109
273 154
273 188
273 118
273 58
273 235
273 52
273 33
273 176
273 46
273 189
273 91
273 253
273 70
273 234
273 296
273 257
273 119
273 179
273 202
273 291
273 260
273 28
273 192
273 293
273 13
273 226
273 26
273 190
29 32
29 113
29 168
29 289
29 5
29 115
29 236
29 36
29 291
29 104
29 280
29 51
29 148
29 216
29 108
29 271
29 84
29 97
29 218
29 31
29 220
29 77
29 211
29 2
29 79
29 270
29 144
29 258
29 58
29 249
29 130
29 185
29 198
29 132
29 244
29 180
29 114
29 127
29 290
29 237
29 118
29 52
29 107
29 41
29 230
29 243
29 164
29 219
32 281
32 259
32 151
32 272
32 219
32 140
32 208
32 263
32 265
32 78
32 67
32 188
32 135
32 269
32 271
32 130
32 12
32 61
32 182
32 129
32 63
32 118
32 252
32 241
32 296
32 28
32 285
32 56
32 111
32 232
32 166
32 287
32 34
32 291
32 104
32 238
32 172
32 106
32 40
32 161
32 282
32 216
32 108
32 150
32 110
32 165
32 25
32 167
141 22
141 196
141 135
141 198
141 116
141 31
141 255
141 202
141 114
141 129
141 89
141 123
141 23
141 138
141 186
141 8
141 102
141 243
141 117
141 177
141 190
141 289
141 181
141 139
141 90
141 185
141 54
141 118
141 165
141 178
141 18
141 288
141 33
141 222
141 169
141 131
141 292
141 226
141 12
141 215
141 270
141 162
141 110
141 21
141 206
141 55
141 34
141 282
53 160
53 281
53 81
53 149
53 283
53 217
53 140
53 274
53 142
53 155
53 276
53 42
53 256
53 190
53 137
53 71
53 73
53 194
53 196
53 251
53 64
53 198
53 119
53 79
53 242
53 134
53 28
53 244
53 299
53 125
53 235
53 292
53 16
53 241
53 56
53 14
53 100
53 234
53 168
53 117
53 229
53 218
53 167
53 11
53 211
53 15
53 279
53 226
53 268
160 277
160 2
160 136
160 81
160 270
160 283
160 26
160 272
160 285
160 41
160 120
160 212
160 267
160 63
160 203
160 59
160 258
160 142
160 262
160 76
160 27
160 200
160 115
160 246
160 75
160 248
160 98
160 109
160 182
160 24
160 239
160 186
160 107
160 296
160 177
160 146
160 234
160 247
160 183
160 172
160 240
160 161
160 70
160 174
160 93
160 123
160 138
160 151
144 199
144 40
144 70
144 269
144 216
144 19
144 132
144 113
144 9
144 51
144 92
144 26
144 71
144 118
144 122
144 103
144 44
144 25
144 296
144 243
144 108
144 190
144 112
144 168
144 289
144 240
144 85
144 295
144 229
144 242
144 119
144 165
144 94
144 75
144 220
144 275
144 109
144 235
144 107
144 137
144 18
144 52
144 164
144 86
144 208
144 12
144 265
144 46
37 152
37 88
37 143
37 264
37 90
37 145
37 158
37 147
37 35
37 138
37 151
37 85
37 206
37 140
37 129
37 14
37 142
37 76
37 265
37 186
37 2
37 115
37 17
37 240
37 295
37 178
37 191
37 9
37 233
37 46
37 288
37 180
37 237
37 239
37 52
37 173
37 107
37 41
37 54
37 175
37 109
37 31
37 285
37 219
37 25
37 289
37 223
37 91
37 159
37 148
152 236
152 249
152 293
152 185
152 240
152 286
152 14
152 148
152 288
152 59
152 235
152 142
152 292
152 87
152 38
152 91
152 283
152 164
152 85
152 219
152 153
152 155
152 225
152 267
152 143
152 216
152 58
152 260
152 80
152 31
152 255
152 268
152 95
152 270
152 89
152 193
152 104
152 195
152 119
152 250
152 263
152 239
152 199
152 98
152 9
152 111
152 92
152 77
42 267
42 122
42 69
42 203
42 245
42 258
42 260
42 251
42 172
42 295
42 242
42 110
42 167
42 180
42 235
42 36
42 182
42 224
42 237
42 15
42 217
42 56
42 153
42 287
42 168
42 236
42 3
42 33
42 148
42 269
42 284
42 99
42 275
42 10
42 200
42 0
42 94
42 136
42 257
42 149
42 34
42 70
42 204
42 138
42 85
42 129
42 142
42 131
42 265
267 233
267 148
267 257
267 236
267 49
267 151
267 83
267 279
267 294
267 47
267 230
267 51
267 81
267 13
267 298
267 164
267 224
267 60
267 222
267 173
267 188
267 39
267 118
267 252
267 20
267 103
267 78
267 108
267 210
267 112
267 225
267 76
267 110
267 189
267 223
267 17
267 149
267 100
267 213
267 15
267 73
267 171
267 235
267 63
267 248
267 180
267 1
138 204
138 0
138 113
138 199
138 92
138 26
138 90
138 71
138 205
138 116
138 260
138 105
138 207
138 35
138 16
138 266
138 14
138 129
138 25
138 48
138 123
138 244
138 178
138 4
138 259
138 38
138 184
138 252
138 294
138 111
138 183
138 22
138 3
138 63
138 297
138 131
138 288
138 12
138 95
138 279
138 10
138 40
138 70
138 21
138 147
204 202
204 49
204 0
204 28
204 192
204 298
204 245
204 249
204 71
204 165
204 5
204 169
204 199
204 242
204 103
204 163
204 14
204 148
204 97
204 48
204 235
204 112
204 27
204 87
204 185
204 217
204 55
204 100
204 30
204 145
204 45
204 139
204 225
204 43
204 54
204 188
204 107
204 18
204 260
204 211
204 266
204 176
204 125
204 246
204 74
204 134
204 168
102 281
102 44
102 164
102 23
102 76
102 57
102 265
102 212
102 6
102 36
102 256
102 148
102 150
102 192
102 128
102 262
102 196
102 130
102 251
102 58
102 242
102 134
102 82
102 178
102 193
102 12
102 129
102 95
102 241
102 21
102 122
102 93
102 298
102 111
102 113
102 126
102 115
102 34
102 117
102 227
102 284
102 26
102 165
102 299
102 60
102 50
102 213
102 268
281 185
281 117
281 47
281 28
281 230
281 11
281 145
281 228
281 105
281 188
281 20
281 182
281 84
281 235
281 216
281 280
281 210
281 161
281 191
281 295
281 214
281 244
281 76
281 38
281 189
281 174
281 21
281 85
281 149
281 130
281 183
281 94
281 75
281 192
281 54
281 245
281 226
281 289
281 22
281 52
281 254
281 61
281 114
281 25
281 40
281 206
9 90
9 11
9 24
9 279
9 134
9 202
9 1
9 250
9 142
9 263
9 184
9 12
9 256
9 124
9 71
9 251
9 51
9 293
9 119
9 189
9 110
9 112
9 180
9 101
9 290
9 182
9 50
9 294
9 54
9 43
9 232
9 87
9 276
9 168
9 2
9 91
9 25
9 38
9 269
9 284
9 218
9 220
9 33
9 275
9 264
90 218
90 99
90 288
90 94
90 69
90 96
90 206
90 98
90 208
90 197
90 210
90 87
90 38
90 214
90 269
90 258
90 192
90 85
90 36
90 262
90 64
90 132
90 253
90 79
90 134
90 202
90 244
90 77
90 259
90 127
90 248
90 131
90 175
90 109
90 177
90 232
90 124
90 10
90 89
90 247
90 291
90 117
90 93
90 240
90 161
148 168
148 50
148 129
148 203
148 262
148 264
148 136
148 200
148 213
148 17
148 111
148 257
148 239
148 54
148 254
148 298
148 33
148 236
148 106
148 185
148 295
148 242
148 66
148 163
148 284
148 231
148 130
148 30
148 220
148 233
148 0
148 288
148 64
148 94
148 156
148 147
148 98
148 237
148 73
148 13
148 107
148 82
148 287
168 167
168 97
168 182
168 195
168 131
168 27
168 87
168 256
168 55
168 100
168 30
168 45
168 158
168 174
168 187
168 297
168 156
168 299
168 18
168 222
168 3
168 63
168 169
168 150
168 80
168 294
168 215
168 230
168 159
168 21
168 274
168 19
168 0
168 136
168 166
168 28
168 218
168 26
168 16
168 39
168 118
168 50
168 191
239 286
239 170
239 275
239 85
239 277
239 198
239 179
239 279
239 45
239 270
239 147
239 109
239 222
239 54
239 58
239 201
239 235
239 3
239 165
239 146
239 243
239 180
239 61
239 258
239 193
239 223
239 153
239 0
239 297
239 72
239 166
239 47
239 181
239 41
239 276
239 122
239 163
239 197
239 142
239 269
239 282
239 4
239 27
239 38
286 56
286 258
286 60
286 71
286 248
286 16
286 14
286 246
286 97
286 231
286 292
286 112
286 23
286 91
286 155
286 6
286 66
286 228
286 75
286 79
286 211
286 192
286 256
286 77
286 201
286 3
286 82
286 86
286 67
286 180
286 244
286 61
286 46
286 129
286 208
286 159
286 21
286 272
286 93
286 104
286 151
286 83
286 215
286 196
286 51
286 264
286 96
13 35
13 156
13 211
13 279
13 200
13 149
13 217
13 140
13 208
13 23
13 10
13 14
13 190
13 82
13 194
13 117
13 238
13 130
13 251
13 185
13 134
13 255
13 297
13 11
13 244
13 178
13 246
13 46
13 48
13 290
13 61
13 292
13 226
13 173
13 120
13 162
13 230
13 3
13 45
13 166
13 36
13 291
13 91
13 216
13 97
13 275
27 107
27 228
27 241
27 16
27 296
27 230
27 122
27 58
27 179
27 236
27 170
27 291
27 104
27 117
27 214
27 108
27 288
27 101
27 222
27 35
27 266
27 279
27 81
27 202
27 94
27 83
27 259
27 155
27 197
27 199
27 80
27 135
27 269
27 260
27 73
27 249
27 130
27 64
27 66
27 255
27 55
27 193
27 129
27 50
27 252
107 8
107 72
107 253
107 266
107 187
107 100
107 123
107 125
107 248
107 118
107 252
107 109
107 3
107 82
107 63
107 111
107 232
107 86
107 234
107 126
107 223
107 174
107 74
107 299
107 0
107 154
107 28
107 51
107 92
107 77
107 26
107 142
107 263
107 155
107 35
107 157
107 133
107 269
107 48
107 78
107 258
107 249
25 34
25 38
25 214
25 284
25 23
25 86
25 207
25 154
25 275
25 17
25 200
25 134
25 147
25 215
25 191
25 127
25 195
25 63
25 76
25 120
25 122
25 124
25 179
25 236
25 128
25 249
25 196
25 117
25 293
25 295
25 66
25 121
25 242
25 165
25 299
25 233
25 46
25 114
25 169
25 103
25 224
25 153
25 287
25 221
34 202
34 94
34 83
34 217
34 272
34 140
34 261
34 195
34 142
34 263
34 133
34 6
34 80
34 126
34 139
34 260
34 128
34 198
34 134
34 231
34 48
34 169
34 171
34 292
34 241
34 41
34 243
34 236
34 157
34 170
34 212
34 38
34 108
34 150
34 163
34 84
34 220
34 275
34 5
34 156
34 211
34 266
34 79
34 14
30 112
30 233
30 59
30 290
30 162
30 243
30 56
30 58
30 100
30 234
30 289
30 115
30 20
30 95
30 163
30 284
30 231
30 86
30 99
30 275
30 288
30 143
30 277
30 279
30 79
30 2
30 17
30 270
30 283
30 96
30 140
30 274
30 129
30 24
30 67
30 135
30 69
30 258
30 192
30 262
30 64
30 119
30 66
30 10
30 21
30 123
30 191
112 11
112 75
112 113
112 234
112 223
112 236
112 73
112 54
112 293
112 161
112 33
112 275
112 31
112 277
112 213
112 226
112 89
112 70
112 55
112 100
112 164
112 274
112 98
112 214
112 256
112 86
112 5
112 130
112 143
112 69
112 99
112 95
112 44
112 134
112 255
112 108
112 23
112 248
112 87
112 72
112 237
112 118
112 243
35 227
35 40
35 229
35 150
35 231
35 165
35 207
35 143
35 266
35 200
35 268
35 272
35 4
35 87
35 208
35 276
35 265
35 199
35 80
35 260
35 181
35 194
35 249
35 130
35 185
35 198
35 119
35 255
35 18
35 297
35 189
35 257
35 57
35 299
35 125
35 1
35 237
35 63
35 296
35 164
35 232
35 104
35 238
35 38
35 293
227 188
227 69
227 197
227 44
227 282
227 131
227 260
227 275
227 57
227 8
227 87
227 91
227 170
227 266
227 155
227 55
227 36
227 115
227 66
227 268
227 149
227 213
227 15
227 248
227 128
227 79
227 256
227 186
227 245
227 116
227 61
227 236
227 293
227 159
227 10
227 223
227 242
227 93
227 244
227 187
227 136
227 51
227 111
227 194
227 56
227 230
227 60
227 124
2 50
2 171
2 54
2 177
2 111
2 232
2 276
2 225
2 38
2 106
2 269
2 84
2 101
2 198
2 158
2 213
2 26
2 28
2 70
2 274
2 250
2 142
2 263
2 63
2 197
2 10
2 131
2 135
2 258
2 179
2 196
2 238
2 64
2 240
2 11
2 108
2 110
2 244
2 178
2 125
2 180
2 235
2 127
2 290
2 103
50 172
50 161
50 108
50 154
50 266
50 79
50 92
50 215
50 22
50 83
50 96
50 259
50 85
50 140
50 89
50 210
50 131
50 146
50 188
50 80
50 269
50 137
50 58
50 262
50 117
50 64
50 198
50 119
50 176
50 297
50 257
50 299
50 5
50 20
50 184
50 118
50 177
50 98
50 4
50 179
50 8
50 170
101 194
101 262
101 41
101 253
101 121
101 20
101 123
101 14
101 180
101 193
101 114
101 195
101 173
101 241
101 188
101 6
101 36
101 66
101 17
101 183
101 45
101 98
101 79
101 284
101 176
101 54
101 297
101 18
101 288
101 33
101 211
101 145
101 158
101 80
101 215
101 228
101 164
101 206
101 70
101 74
101 199
101 214
101 135
101 269
101 150
254 271
254 76
254 95
254 262
254 234
254 264
254 277
254 49
254 158
254 272
254 28
254 126
254 56
254 201
254 60
254 199
254 229
254 39
254 233
254 114
254 260
254 44
254 129
254 108
254 59
254 93
254 123
254 23
254 157
254 240
254 57
254 8
254 38
254 196
254 36
254 224
254 45
254 75
254 283
254 203
254 54
254 163
254 186
254 97
254 280
254 146
254 269
271 86
271 165
271 1
271 80
271 263
271 114
271 125
271 159
271 288
271 74
271 157
271 236
271 4
271 292
271 83
271 285
271 164
271 173
271 280
271 24
271 237
271 54
271 188
271 99
271 246
271 275
271 214
271 106
271 259
271 170
271 193
271 174
271 21
271 238
271 179
271 130
271 0
271 177
271 211
271 192
271 73
271 245
271 92
271 226
271 156
271 58
271 171
56 8
56 38
56 211
56 103
56 279
56 36
56 94
56 219
56 153
56 265
56 78
56 133
56 67
56 80
56 52
56 126
56 262
56 31
56 12
56 183
56 130
56 46
56 119
56 40
56 70
56 193
56 182
56 250
56 175
56 109
56 26
56 285
56 298
56 232
56 234
56 236
56 91
56 159
56 280
56 150
56 284
56 110
28 224
28 79
28 147
28 217
28 140
28 195
28 87
28 208
28 129
28 89
28 146
28 67
28 80
28 139
28 194
28 262
28 238
28 185
28 255
28 297
28 244
28 46
28 290
28 61
28 292
28 184
28 226
28 120
28 296
28 96
28 243
28 164
28 291
28 225
28 38
28 93
28 108
28 44
28 165
28 86
28 264
224 233
224 219
224 288
224 235
224 290
224 194
224 11
224 175
224 60
224 139
224 41
224 228
224 203
224 287
224 44
224 289
224 186
224 167
224 63
224 210
224 161
224 191
224 23
224 176
224 170
224 193
224 85
224 64
224 147
224 109
224 257
224 54
224 137
224 263
224 220
224 3
224 125
224 247
224 10
224 89
224 291
224 217
224 284
224 244
55 61
55 129
55 131
55 252
55 24
55 54
55 124
55 100
55 234
55 183
55 12
55 104
55 238
55 159
55 280
55 172
55 293
55 106
55 297
55 99
55 154
55 103
55 145
55 279
55 272
55 98
55 274
55 221
55 212
55 69
55 82
55 150
55 84
55 126
55 23
55 251
55 64
55 66
55 242
55 6
55 36
55 178
55 180
61 6
61 188
61 201
61 69
61 190
61 124
61 245
61 71
61 84
61 15
61 128
61 264
61 77
61 33
61 233
61 246
61 248
61 292
61 63
61 184
61 294
61 10
61 120
61 122
61 179
61 49
61 223
61 104
61 150
61 231
61 86
61 207
61 275
61 103
61 147
61 14
61 136
61 74
61 57
61 38
61 252
127 166
127 100
127 236
127 94
127 75
127 293
127 282
127 24
127 88
127 3
127 222
127 235
127 86
127 279
127 80
127 268
127 215
127 217
127 151
127 272
127 206
127 219
127 140
127 93
127 276
127 49
127 199
127 72
127 133
127 113
127 203
127 137
127 249
127 60
127 257
127 84
127 44
127 59
127 129
127 184
127 106
127 57
127 296
127 232
127 66
166 76
166 151
166 272
166 285
166 206
166 208
166 276
166 164
166 201
166 15
166 282
166 98
166 109
166 18
166 264
166 146
166 131
166 246
166 114
166 193
166 159
166 10
166 21
166 250
166 68
166 147
166 179
166 162
166 181
166 51
166 92
166 170
166 291
166 60
166 139
166 120
166 39
166 118
166 288
166 103
166 235
166 163
166 169
228 57
228 221
228 132
228 288
228 219
228 100
228 64
228 60
228 298
228 184
228 280
228 161
228 1
228 225
228 106
228 125
228 110
228 140
228 91
228 170
228 21
228 134
228 279
228 119
228 255
228 202
228 49
228 47
228 211
228 192
228 201
228 105
228 5
228 16
228 260
228 114
228 84
228 48
228 78
228 212
228 93
228 253
228 187
233 11
233 145
233 269
233 60
233 143
233 207
233 24
233 69
233 99
233 262
233 122
233 210
233 270
233 225
233 76
233 140
233 121
233 223
233 263
233 85
233 100
233 179
233 19
233 79
233 73
233 226
233 156
233 88
233 297
233 235
233 153
233 104
233 187
233 241
233 217
233 68
233 72
233 298
233 287
233 200
233 111
171 207
171 130
171 253
171 187
171 94
171 45
171 255
171 259
171 54
171 197
171 116
171 67
171 31
171 12
171 289
171 236
171 249
171 74
171 225
171 172
171 240
171 174
171 176
171 113
171 128
171 117
171 288
171 277
171 290
171 173
171 270
171 217
171 150
171 272
171 39
171 219
171 20
171 108
171 201
171 269
171 38
171 91
171 121
171 260
81 235
81 211
81 103
81 213
81 105
81 162
81 83
81 85
81 60
81 263
81 197
81 69
81 20
81 44
81 137
81 59
81 192
81 207
81 143
81 132
81 187
81 255
81 36
81 11
81 64
81 45
81 248
81 129
81 241
81 188
81 18
81 122
81 111
81 287
81 67
81 1
81 104
81 40
81 108
81 163
81 97
81 231
81 19
81 0
81 167
235 64
235 45
235 75
235 143
235 184
235 88
235 103
235 163
235 97
235 116
235 294
235 76
235 110
235 189
235 170
235 285
235 223
235 149
235 266
235 150
235 229
235 268
235 69
235 129
235 261
235 123
235 206
235 217
235 151
235 243
235 91
235 185
235 245
235 36
235 200
20 225
20 214
20 282
20 108
20 229
20 150
20 231
20 16
20 154
20 167
20 22
20 14
20 145
20 83
20 8
20 85
20 274
20 74
20 195
20 87
20 142
20 17
20 199
20 256
20 69
20 203
20 137
20 139
20 249
20 183
20 251
20 64
20 198
20 70
20 246
20 180
20 250
20 175
20 19
20 164
20 58
20 49
20 291
225 208
225 172
225 161
225 221
225 91
225 242
225 219
225 115
225 66
225 194
225 279
225 203
225 43
225 73
225 207
225 182
225 216
225 33
225 287
225 135
225 165
225 150
225 195
225 193
225 187
225 49
225 183
225 0
225 264
225 83
225 181
225 162
225 257
225 145
225 205
225 26
225 190
225 250
225 124
225 105
225 252
39 238
39 280
39 51
39 293
39 240
39 295
39 156
39 290
39 158
39 105
39 283
39 83
39 151
39 285
39 33
39 153
39 74
39 221
39 199
39 133
39 146
39 80
39 126
39 247
39 73
39 0
39 132
39 257
39 299
39 125
39 48
39 195
39 292
39 1
39 173
39 175
39 230
39 232
39 45
39 289
39 115
39 236
39 157
39 291
39 104
238 69
238 99
238 78
238 191
238 214
238 245
238 189
238 119
238 198
238 130
238 183
238 158
238 43
238 294
238 283
238 229
238 80
238 274
238 114
238 95
238 208
238 89
238 40
238 212
238 93
238 74
238 269
238 221
238 38
238 72
238 132
238 136
238 17
238 175
238 266
238 41
238 173
238 124
238 154
238 105
238 207
238 54
6 292
6 118
6 0
6 230
6 234
6 289
6 181
6 115
6 214
6 282
6 216
6 218
6 207
6 33
6 154
6 167
6 222
6 145
6 266
6 92
6 215
6 270
6 72
6 21
6 197
6 23
6 133
6 201
6 124
6 258
6 84
6 139
6 73
6 75
6 130
6 264
6 185
6 68
6 123
6 191
6 180
6 114
124 282
124 295
124 229
124 218
124 167
124 156
124 169
124 10
124 0
124 283
124 79
124 221
124 146
124 201
124 86
124 116
124 137
124 150
124 262
124 130
124 108
124 187
124 134
124 136
124 57
124 8
124 87
124 72
124 125
124 117
124 195
124 36
124 11
124 175
124 190
124 179
124 181
124 18
124 33
124 63
282 105
282 169
282 248
282 118
282 133
282 197
282 261
282 59
282 276
282 4
282 170
282 196
282 115
282 249
282 200
282 100
282 11
282 64
282 98
282 203
282 43
282 24
282 182
282 116
282 280
282 131
282 210
282 191
282 1
282 244
282 299
282 123
282 232
282 83
282 181
282 211
282 51
282 287
282 175
282 190
8 162
8 96
8 232
8 100
8 221
8 276
8 289
8 36
8 291
8 207
8 277
8 266
8 200
8 213
8 268
8 257
8 83
8 85
8 250
8 89
8 210
8 188
8 137
8 58
8 181
8 262
8 119
8 253
8 174
8 134
8 110
8 57
8 299
8 191
8 167
8 59
8 48
8 103
8 237
8 184
8 226
8 294
44 289
44 157
44 170
44 93
44 95
44 216
44 218
44 158
44 200
44 257
44 259
44 193
44 261
44 208
44 89
44 210
44 135
44 205
44 18
44 260
44 194
44 262
44 130
44 185
44 1
44 187
44 191
44 48
44 290
44 182
44 4
44 63
44 105
44 38
44 283
44 175
44 109
44 285
44 111
289 48
289 59
289 272
289 298
289 161
289 191
289 276
289 240
289 270
289 91
289 219
289 283
289 158
289 109
289 237
289 54
289 122
289 33
289 67
289 150
289 1
289 114
289 70
289 234
289 19
289 49
289 262
289 132
289 177
289 226
289 126
289 220
289 284
289 105
289 5
289 199
289 252
289 103
11 59
11 169
11 290
11 182
11 52
11 173
11 162
11 1
11 298
11 111
11 287
11 89
11 223
11 157
11 91
11 293
11 93
11 106
11 31
11 143
11 92
11 136
11 140
11 252
11 243
11 245
11 179
11 71
11 126
11 115
11 75
11 196
11 251
11 255
11 297
11 68
11 178
11 299
57 15
57 175
57 122
57 285
57 177
57 98
57 181
57 223
57 161
57 229
57 110
57 220
57 275
57 143
57 158
57 19
57 49
57 0
57 270
57 162
57 259
57 219
57 261
57 142
57 197
57 78
57 91
57 41
57 137
57 192
57 139
57 73
57 132
57 66
57 134
57 176
57 72
57 17
57 250
57 184
131 177
131 245
131 40
131 100
131 185
131 295
131 128
131 242
131 26
131 5
131 80
131 283
131 217
131 230
131 164
131 219
131 14
131 274
131 142
131 59
131 159
131 87
131 214
131 94
131 45
131 75
131 253
131 145
131 147
131 261
131 22
131 52
131 195
131 97
131 263
131 197
131 31
131 175
131 296
177 255
177 202
177 110
177 261
177 155
177 85
177 15
177 296
177 75
177 98
177 128
177 162
177 73
177 126
177 77
177 3
177 82
177 185
177 33
177 67
177 146
177 229
177 1
177 299
177 157
177 68
177 230
177 83
177 274
177 47
177 208
177 221
177 111
177 105
177 69
177 99
177 207
177 103
177 133
177 196
177 251
236 78
236 210
236 38
236 189
236 21
236 130
236 213
236 192
236 126
236 77
236 88
236 272
236 22
236 248
236 116
236 150
236 1
236 125
236 178
236 89
236 40
236 258
236 49
236 221
236 151
236 240
236 215
236 242
236 96
236 246
236 26
236 290
236 71
236 292
69 12
69 161
69 295
69 218
69 220
69 167
69 88
69 222
69 268
69 94
69 151
69 76
69 60
69 146
69 135
69 14
69 139
69 207
69 75
69 130
69 264
69 77
69 4
69 187
69 79
69 200
69 242
69 66
69 195
69 64
69 296
69 54
69 298
69 113
69 63
69 291
69 67
143 187
143 77
143 58
143 297
143 244
143 288
143 180
143 135
143 86
143 169
143 290
143 16
143 95
143 123
143 208
143 4
143 155
143 117
143 201
143 214
143 269
143 161
143 205
143 154
143 275
143 277
143 105
143 253
143 99
143 189
143 103
143 84
143 184
143 243
143 192
143 113
143 291
143 98
143 172
187 285
187 206
187 274
187 58
187 135
187 86
187 214
187 180
187 216
187 80
187 218
187 275
187 123
187 74
187 153
187 198
187 266
187 200
187 47
187 199
187 71
187 256
187 84
187 178
187 59
187 161
187 87
187 91
187 85
187 130
187 279
187 164
187 213
187 94
187 75
187 270
187 158
241 38
241 121
241 255
241 219
241 119
241 130
241 211
241 192
241 243
241 156
241 33
241 63
241 135
241 67
241 146
241 251
241 46
241 159
241 244
241 212
241 172
241 123
241 74
241 134
241 288
241 290
241 292
241 215
241 196
241 47
241 92
241 205
241 5
241 207
241 237
241 188
241 118
241 216
241 161
241 4
241 264
241 176
66 169
66 116
66 184
66 105
66 18
66 22
66 232
66 179
66 221
66 31
66 115
66 170
66 93
66 214
66 165
66 86
66 220
66 92
66 147
66 268
66 202
66 215
66 151
66 153
66 195
66 208
66 78
66 14
66 188
66 48
66 245
66 258
66 117
66 17
66 121
66 176
66 178
66 193
169 51
169 75
169 120
169 277
169 118
169 99
169 200
169 133
169 52
169 3
169 206
169 261
169 31
169 106
169 252
169 121
169 21
169 188
169 256
169 130
169 192
169 49
169 94
169 194
169 249
169 147
169 293
169 86
169 292
169 159
169 285
169 74
169 153
169 274
169 87
169 151
169 265
145 154
145 288
145 137
145 96
145 162
145 287
145 265
145 159
145 201
145 106
145 258
145 192
145 121
145 17
145 253
145 64
145 15
145 139
145 246
145 73
145 24
145 122
145 133
145 197
145 116
145 296
145 1
145 80
145 12
145 232
145 125
145 140
145 183
145 185
145 68
145 113
145 218
98 121
98 202
98 123
98 244
98 136
98 68
98 182
98 36
98 186
98 175
98 230
98 24
98 54
98 117
98 172
98 293
98 33
98 63
98 297
98 218
98 1
98 167
98 288
98 85
98 279
98 153
98 274
98 263
98 26
98 135
98 41
98 205
98 95
98 132
98 200
121 186
121 122
121 88
121 12
121 295
121 110
121 229
121 231
121 156
121 277
121 68
121 290
121 0
121 279
121 292
121 83
121 213
121 47
121 111
121 285
121 120
121 197
121 157
121 146
121 137
121 97
121 48
121 23
121 198
121 87
121 38
121 255
121 123
121 85
121 115
121 193
121 248
121 195
121 237
121 129
121 184
84 223
84 159
84 174
84 284
84 97
84 14
84 154
84 74
84 156
84 4
84 279
84 213
84 147
84 272
84 85
84 87
84 208
84 26
84 263
84 212
84 269
84 258
84 192
84 205
84 194
84 132
84 200
84 123
84 244
84 21
84 125
84 114
84 248
84 116
84 73
84 77
84 179
84 234
223 250
223 265
223 108
223 4
223 106
223 245
223 260
223 249
223 251
223 205
223 253
223 64
223 15
223 45
223 242
223 139
223 128
223 109
223 188
223 18
223 182
223 237
223 82
223 33
223 294
223 210
223 140
223 70
223 155
223 153
223 179
223 269
223 47
223 51
223 277
223 96
223 135
223 114
221 283
221 59
221 4
221 274
221 185
221 51
221 269
221 164
221 139
221 109
221 133
221 82
221 216
221 167
221 257
221 272
221 195
221 12
221 106
221 250
221 263
221 252
221 265
221 134
221 149
221 19
221 213
221 247
221 240
221 156
221 26
221 201
221 5
221 218
221 290
221 159
105 108
105 277
105 147
105 43
105 99
105 283
105 18
105 52
105 97
105 263
105 197
105 133
105 126
105 247
105 194
105 0
105 185
105 189
105 123
105 257
105 92
105 178
105 191
105 180
105 114
105 129
105 250
105 118
105 252
105 109
105 164
105 287
105 48
105 115
105 4
105 159
295 203
295 237
295 118
295 18
295 3
295 48
295 299
295 244
295 259
295 21
295 234
295 36
295 296
295 213
295 158
295 245
295 126
295 284
295 86
295 116
295 67
295 218
295 180
295 293
295 125
295 178
295 40
295 212
295 19
295 49
295 38
295 72
295 285
295 185
295 47
295 294
295 175
295 120
91 118
91 120
91 111
91 245
91 23
91 68
91 38
91 17
91 284
91 97
91 156
91 292
91 268
91 3
91 33
91 151
91 219
91 155
91 157
91 40
91 21
91 258
91 150
91 49
91 207
91 130
91 264
91 136
91 52
91 41
91 16
91 129
118 240
118 36
118 17
118 176
118 220
118 154
118 275
118 77
118 58
118 283
118 52
118 153
118 70
118 137
118 83
118 113
118 47
118 268
118 244
118 191
118 41
118 248
118 294
118 103
118 175
118 298
118 59
118 76
118 106
118 170
36 182
36 14
36 63
36 296
36 230
36 287
36 157
36 95
36 284
36 218
36 154
36 24
36 92
36 3
36 147
36 96
36 12
36 85
36 219
36 212
36 80
36 19
36 203
36 247
36 249
36 198
36 240
36 134
36 297
36 189
36 70
36 191
182 64
182 15
182 242
182 109
182 162
182 54
182 58
182 88
182 18
182 146
182 230
182 95
182 159
182 21
182 172
182 68
182 83
182 205
182 117
182 260
182 47
182 194
182 251
182 175
182 189
182 270
182 261
182 163
182 108
182 59
182 256
182 87
182 190
182 245
182 110
75 110
75 58
75 178
75 191
75 125
75 22
75 248
75 186
75 283
75 175
75 109
75 243
75 21
75 100
75 115
75 68
75 72
75 229
75 222
75 156
75 5
75 149
75 48
75 23
75 38
75 188
75 203
75 17
75 137
75 139
75 181
75 128
75 77
75 253
75 43
110 120
110 175
110 54
110 111
110 3
110 108
110 117
110 293
110 185
110 76
110 242
110 165
110 222
110 292
110 0
110 213
110 226
110 162
110 230
110 22
110 16
110 269
110 216
110 14
110 194
110 89
110 196
110 74
110 130
110 253
110 266
110 134
110 191
110 246
110 184
99 280
99 229
99 163
99 14
99 158
99 226
99 147
99 202
99 23
99 4
99 87
99 155
99 276
99 133
99 64
99 94
99 192
99 247
99 194
99 207
99 58
99 130
99 185
99 253
99 299
99 195
99 89
99 21
99 129
99 292
99 252
99 120
99 175
99 179
99 51
99 115
76 40
76 243
76 111
76 247
76 68
76 72
76 159
76 293
76 106
76 240
76 161
76 216
76 288
76 279
76 147
76 268
76 162
76 96
76 85
76 274
76 142
76 210
76 199
76 212
76 146
76 93
76 192
76 264
76 198
76 24
76 79
76 200
76 257
76 248
76 31
203 180
203 31
203 244
203 125
203 197
203 89
203 237
203 172
203 279
203 292
203 215
203 113
203 230
203 47
203 276
203 164
203 60
203 71
203 218
203 262
203 275
203 186
203 264
203 211
203 23
203 268
203 195
203 259
203 261
203 198
203 100
203 202
203 15
203 247
203 77
203 18
203 251
203 146
15 244
15 299
15 125
15 246
15 193
15 237
15 175
15 230
15 287
15 115
15 291
15 104
15 95
15 97
15 165
15 167
15 22
15 264
15 200
15 92
15 96
15 151
15 140
15 263
15 276
15 197
15 265
15 199
15 212
15 3
15 1
15 12
15 205
15 251
15 240
15 174
15 189
244 188
244 156
244 88
244 195
244 95
244 46
244 10
244 292
244 198
244 68
244 232
244 213
244 196
244 51
244 291
244 190
244 60
244 184
244 277
244 266
244 255
244 206
244 157
244 270
244 240
244 170
244 149
244 265
120 297
120 21
120 156
120 119
120 147
120 202
120 217
120 285
120 206
120 261
120 208
120 77
120 88
120 52
120 67
120 201
120 269
120 126
120 10
120 40
120 196
120 130
120 266
120 4
120 19
120 189
120 178
120 246
120 195
120 41
120 5
120 164
120 16
120 298
120 48
120 78
297 292
297 173
297 154
297 103
297 170
297 193
297 174
297 149
297 202
297 49
297 183
297 94
297 285
297 266
297 147
297 156
297 220
297 201
297 116
297 248
297 125
297 129
297 272
297 123
297 104
297 134
297 157
297 38
297 215
297 196
297 219
297 111
297 164
297 194
297 96
59 287
59 45
59 115
59 157
59 212
59 104
59 1
59 158
59 202
59 257
59 272
59 193
59 140
59 142
59 252
59 265
59 146
59 80
59 135
59 256
59 269
59 71
59 26
59 249
59 183
59 251
59 176
59 123
59 191
59 38
59 283
59 175
59 96
59 243
59 232
287 142
287 136
287 283
287 164
287 175
287 277
287 158
287 256
287 24
287 299
287 22
287 31
287 189
287 170
287 296
287 174
287 70
287 155
287 298
287 149
287 0
287 213
287 266
287 113
287 293
287 181
287 211
287 156
287 96
287 220
287 201
287 60
287 284
287 199
287 178
249 186
249 210
249 161
249 80
249 31
249 12
249 95
249 189
249 89
249 174
249 155
249 74
249 202
249 0
249 213
249 262
249 92
249 220
249 201
249 71
249 184
249 150
249 229
249 272
249 48
249 212
249 93
249 106
249 240
249 251
249 243
249 205
249 128
249 222
64 136
64 178
64 193
64 250
64 173
64 186
64 1
64 298
64 40
64 0
64 229
64 165
64 211
64 60
64 226
64 268
64 151
64 219
64 14
64 274
64 265
64 201
64 256
64 82
64 205
64 126
64 86
64 198
64 266
64 68
136 94
136 109
136 149
136 151
136 206
136 22
136 265
136 159
136 214
136 123
136 74
136 196
136 200
136 255
136 83
136 147
136 202
136 191
136 259
136 51
136 195
136 96
136 250
136 263
136 60
136 54
136 192
136 18
136 234
136 97
136 291
136 229
136 284
136 85
136 115
17 290
17 116
17 0
17 52
17 232
17 113
17 49
17 5
17 40
17 216
17 284
17 266
17 79
17 257
17 217
17 193
17 208
17 263
17 252
17 186
17 78
17 146
17 188
17 201
17 256
17 190
17 245
17 137
17 179
17 192
17 262
17 185
17 255
17 178
17 288
17 114
290 51
290 175
290 60
290 222
290 237
290 54
290 188
290 246
290 296
290 214
290 189
290 10
290 174
290 179
290 0
290 158
290 181
290 211
290 264
290 126
290 52
290 71
290 5
290 229
290 1
290 261
290 242
290 123
290 157
290 72
290 83
290 47
58 264
58 77
58 242
58 134
58 255
58 178
58 299
58 125
58 180
58 114
58 19
58 0
58 298
58 232
58 115
58 280
58 93
58 214
58 106
58 10
58 154
58 88
58 222
58 211
58 23
58 162
58 47
58 259
58 140
58 195
58 265
58 24
237 293
237 155
237 240
237 242
237 79
237 43
237 73
237 207
237 188
237 18
237 3
237 216
237 296
237 285
237 116
237 210
237 176
237 114
237 70
237 0
237 181
237 279
237 270
237 261
237 263
237 265
237 172
237 142
237 206
237 247
237 106
237 170
293 103
293 186
293 231
293 23
293 274
293 176
293 106
293 193
293 234
293 232
293 247
293 181
293 43
293 54
293 135
293 165
293 67
293 280
293 229
293 114
293 257
293 74
293 104
293 206
293 113
293 185
293 264
293 96
293 175
293 26
293 139
293 5
149 180
149 83
149 117
149 47
149 186
149 111
149 92
149 230
149 247
149 291
149 122
149 103
149 14
149 242
149 176
149 299
149 220
149 154
149 288
149 140
149 215
149 217
149 219
149 128
149 109
149 155
149 126
149 280
149 205
149 116
149 80
149 31
149 198
149 129
149 104
149 49
149 0
180 192
180 200
180 255
180 135
180 86
180 165
180 1
180 95
180 46
180 129
180 174
180 186
180 104
180 68
180 19
180 83
180 234
180 162
180 92
180 5
180 211
180 103
180 133
180 163
180 217
180 4
180 106
180 38
180 140
180 265
85 195
85 0
85 294
85 186
85 243
85 106
85 240
85 154
85 48
85 23
85 151
85 206
85 265
85 79
85 214
85 256
85 54
85 258
85 77
85 194
85 128
85 196
85 251
85 198
85 119
85 257
85 299
85 125
195 115
195 119
195 258
195 128
195 156
195 190
195 231
195 71
195 5
195 16
195 80
195 125
195 172
195 123
195 285
195 72
195 185
195 212
195 280
195 164
195 275
195 196
195 264
195 198
195 257
195 189
195 140
195 265
126 196
126 198
126 67
126 31
126 189
126 125
126 119
126 184
126 296
126 256
126 190
126 192
126 181
126 291
126 174
126 5
126 163
126 284
126 231
126 114
126 14
126 222
126 292
126 215
126 72
126 206
126 100
126 155
126 210
126 157
126 94
126 214
126 73
196 77
196 137
196 52
196 82
196 1
196 263
196 125
196 280
196 214
196 153
196 216
196 72
196 251
196 264
196 51
196 255
196 259
196 5
196 16
196 122
196 133
196 186
196 48
196 191
196 106
196 140
196 229
196 222
196 181
196 192
170 190
170 245
170 140
170 172
170 185
170 115
170 45
170 147
170 128
170 79
170 288
170 279
170 137
170 283
170 63
170 217
170 86
170 80
170 263
170 212
170 129
170 104
170 134
170 19
170 260
170 83
170 96
170 41
170 259
170 193
40 129
40 263
40 78
40 212
40 188
40 201
40 135
40 245
40 71
40 117
40 198
40 257
40 70
40 114
40 48
40 250
40 63
40 24
40 226
40 175
40 122
40 285
40 113
40 31
40 291
40 106
40 10
40 95
40 231
40 88
40 283
40 96
40 140
129 146
129 258
129 194
129 88
129 251
129 132
129 22
129 82
129 257
129 246
129 247
129 172
129 174
129 242
129 284
129 218
129 178
129 167
129 156
129 103
129 279
129 33
129 151
129 142
77 266
77 134
77 246
77 259
77 1
77 46
77 186
77 296
77 68
77 232
77 113
77 291
77 41
77 231
77 275
77 167
77 213
77 3
77 147
77 33
77 162
77 206
77 219
77 140
77 276
77 210
77 78
77 199
77 214
77 269
77 0
77 194
250 21
250 264
250 232
250 257
250 270
250 192
250 259
250 22
250 67
250 218
250 199
250 125
250 258
250 178
250 208
250 10
250 231
250 74
250 206
250 217
250 113
250 185
250 215
250 26
250 279
250 173
250 296
250 274
250 3
250 246
250 78
250 265
250 161
250 189
94 257
94 72
94 191
94 292
94 252
94 294
94 186
94 298
94 234
94 104
94 218
94 79
94 285
94 140
94 73
94 153
94 24
94 155
94 63
94 86
94 214
94 67
94 135
94 150
94 205
94 194
94 207
94 128
94 89
94 134
94 255
94 68
188 10
188 174
188 226
188 158
188 43
188 217
188 88
188 208
188 150
188 258
188 207
188 262
188 275
188 157
188 211
188 132
188 111
188 139
188 184
188 243
188 245
188 52
188 186
188 234
188 82
188 167
135 137
135 80
135 139
135 251
135 211
135 104
135 255
135 189
135 117
135 197
135 173
135 186
135 26
135 296
135 71
135 243
135 16
135 234
135 133
135 183
135 185
135 78
135 240
135 165
135 222
135 213
135 226
135 24
135 22
135 52
137 67
137 266
137 191
137 193
137 134
137 248
137 68
137 0
137 51
137 190
137 92
137 291
137 183
137 159
137 229
137 165
137 220
137 78
137 154
137 4
137 38
137 119
137 157
137 128
137 79
137 201
137 214
137 73
137 269
137 258
137 260
137 194
38 41
38 162
38 43
38 49
38 172
38 88
38 277
38 79
38 147
38 268
38 257
38 217
38 18
38 72
38 33
38 199
38 133
38 201
38 181
38 19
38 253
115 14
115 3
115 33
115 63
115 232
115 100
115 45
115 216
115 79
115 167
115 222
115 88
115 156
115 22
115 202
115 285
115 206
115 46
115 153
115 142
115 210
115 269
115 183
115 132
115 266
115 60
115 299
115 191
276 298
276 70
276 231
276 272
276 172
276 206
276 185
276 215
276 200
276 205
276 71
276 277
276 222
276 279
276 207
276 122
276 246
276 97
276 274
276 106
276 268
276 119
276 202
276 262
276 266
276 247
276 211
276 162
276 299
276 190
276 52
276 1
276 46
276 283
276 197
298 176
298 240
298 87
298 198
298 179
298 243
298 292
298 162
298 73
298 156
298 220
298 52
298 82
298 146
298 280
298 199
298 229
298 214
298 12
298 114
298 202
298 49
298 0
298 83
298 113
298 181
298 230
298 294
298 164
298 139
298 248
298 16
298 103
128 134
128 255
128 202
128 178
128 246
128 31
128 12
128 184
128 19
128 247
128 291
128 117
128 159
128 229
128 218
128 60
128 16
128 215
128 48
128 217
128 164
128 285
128 219
128 265
128 133
128 205
128 45
128 79
128 43
128 73
128 88
134 263
134 190
134 16
134 139
134 207
134 185
134 198
134 123
134 4
134 230
134 41
134 245
134 179
134 5
134 122
134 159
134 161
134 174
134 78
134 108
134 213
134 226
134 147
134 130
114 199
114 214
114 258
114 260
114 43
114 132
114 82
114 255
114 86
114 189
114 252
114 173
114 186
114 296
114 117
114 161
114 178
114 103
114 279
114 108
114 93
114 272
114 285
114 263
114 157
199 125
199 189
199 193
199 89
199 207
199 262
199 275
199 68
199 49
199 151
199 266
199 111
199 246
199 206
199 243
199 258
199 161
199 157
199 251
199 229
199 222
199 109
199 73
199 217
199 88
199 167
199 1
199 80
199 31
155 89
155 123
155 153
155 47
155 111
155 291
155 231
155 165
155 167
155 103
155 277
155 63
155 213
155 226
155 215
155 270
155 217
155 230
155 164
155 219
155 10
155 130
155 216
155 109
155 192
155 194
155 275
155 22
155 82
155 5
155 191
155 261
255 256
255 43
255 88
255 190
255 201
255 67
255 197
255 288
255 212
255 242
255 172
255 185
255 230
255 205
255 139
255 222
255 269
255 5
255 14
255 262
255 23
255 214
255 240
255 259
255 261
255 198
257 247
257 79
257 181
257 245
257 190
257 201
257 258
257 67
257 218
257 242
257 123
257 74
257 217
257 251
257 113
257 200
257 230
257 194
257 41
257 173
257 256
257 161
257 253
257 49
176 296
176 79
176 190
176 43
176 247
176 291
176 183
176 63
176 1
176 12
176 218
176 89
176 130
176 292
176 213
176 68
176 49
176 215
176 83
176 158
176 272
176 210
176 265
176 212
176 86
176 251
176 48
176 108
176 153
176 266
176 23
176 268
176 117
176 193
176 261
296 268
296 279
296 277
296 158
296 88
296 201
296 280
296 150
296 214
296 31
296 274
296 189
296 159
296 93
296 217
296 202
296 113
296 147
296 117
296 51
296 205
296 269
296 71
296 284
296 133
296 291
296 23
33 247
33 194
33 198
33 231
33 14
33 167
33 63
33 226
33 52
33 113
33 234
33 47
33 212
33 269
33 161
33 24
33 150
33 86
33 277
33 158
33 279
33 268
33 215
33 151
33 197
33 0
33 252
33 122
247 31
247 106
247 125
247 252
247 10
247 21
247 234
247 104
247 198
247 179
247 19
247 232
247 253
247 220
247 5
247 288
247 150
247 294
247 283
247 23
247 87
247 117
247 280
247 111
247 175
247 139
247 262
247 275
247 103
0 70
0 193
0 10
0 265
0 201
0 3
0 258
0 119
0 178
0 226
0 285
0 104
0 269
0 161
0 95
0 150
0 139
0 268
0 202
70 89
70 252
70 146
70 80
70 82
70 205
70 262
70 123
70 10
70 299
70 246
70 162
70 51
70 26
70 234
70 159
70 172
70 93
70 106
70 216
70 229
70 150
70 97
70 14
70 207
70 12
70 279
70 213
70 151
70 74
70 87
19 83
19 96
19 193
19 252
19 205
19 262
19 183
19 16
19 119
19 68
19 189
19 299
19 191
19 248
19 41
19 54
19 219
19 232
19 234
19 280
19 51
19 86
19 207
19 220
19 275
19 288
19 88
19 277
19 211
19 79
19 26
19 215
19 270
83 96
83 274
83 87
83 133
83 201
83 256
83 205
83 262
83 183
83 130
83 78
83 240
83 125
83 294
83 243
83 285
83 43
83 73
83 108
83 163
83 97
83 275
83 88
83 222
83 21
83 156
24 198
24 174
24 178
24 16
24 173
24 283
24 54
24 43
24 285
24 232
24 212
24 280
24 93
24 216
24 163
24 86
24 154
24 222
24 211
24 200
24 92
24 268
24 215
24 270
24 96
24 193
24 89
24 133
24 67
24 269
24 73
198 156
198 88
198 146
198 243
198 46
198 159
198 93
198 185
198 117
198 288
198 194
198 173
198 167
198 78
198 108
198 23
198 269
198 174
198 262
198 268
198 181
198 162
202 208
202 265
202 26
202 190
202 256
202 165
202 146
202 197
202 72
202 151
202 222
202 45
202 285
202 184
202 219
202 73
202 186
202 82
202 67
202 125
202 189
202 262
202 104
202 119
202 183
72 263
72 89
72 212
72 280
72 5
72 16
72 73
72 194
72 86
72 185
72 178
72 246
72 193
72 51
72 294
72 109
72 230
72 181
72 172
72 63
72 95
72 218
72 299
72 275
72 156
72 211
72 92
72 213
72 147
72 268
201 262
201 275
201 95
201 125
201 264
201 74
201 268
201 259
201 132
201 117
201 26
201 16
201 242
201 231
201 220
201 106
201 288
201 272
201 206
201 274
201 18
201 280
201 3
47 266
47 79
47 206
47 210
47 78
47 133
47 146
47 80
47 256
47 45
47 183
47 18
47 253
47 3
47 242
47 123
47 193
47 116
47 292
47 243
47 164
47 232
47 49
47 104
47 26
47 216
47 165
47 16
47 103
47 14
266 270
266 226
266 26
266 248
266 212
266 242
266 123
266 217
266 215
266 299
266 258
266 292
266 222
266 88
266 52
266 3
266 63
266 214
266 46
266 234
266 104
266 68
162 253
162 87
162 96
162 184
162 139
162 234
162 82
162 67
162 161
162 12
162 240
162 106
162 220
162 226
162 164
162 285
162 22
162 71
162 86
162 5
162 214
162 269
162 14
162 159
162 260
162 157
162 4
162 211
253 192
253 43
253 54
253 220
253 150
253 95
253 193
253 21
253 93
253 104
253 157
253 215
253 92
253 194
253 175
253 274
253 173
253 252
253 103
253 167
253 97
253 284
253 161
253 142
253 4
253 87
253 264
253 219
253 213
253 45
82 260
82 16
82 12
82 46
82 185
82 123
82 191
82 125
82 68
82 175
82 26
82 164
82 111
82 245
82 41
82 104
82 159
82 150
82 86
82 154
82 226
82 268
82 79
82 87
82 197
82 252
82 54
82 212
82 256
82 22
260 146
260 95
260 46
260 259
260 261
260 274
260 178
260 172
260 206
260 68
260 151
260 132
260 230
260 205
260 26
260 139
260 71
260 173
260 154
260 133
260 197
260 216
260 142
260 285
260 183
260 45
260 109
260 43
260 220
68 96
68 140
68 87
68 210
68 52
68 3
68 190
68 258
68 207
68 264
68 125
68 116
68 51
68 292
68 184
68 173
68 294
68 41
68 230
68 122
68 181
68 291
68 165
68 220
68 154
68 147
96 275
96 156
96 51
96 92
96 283
96 217
96 151
96 60
96 208
96 133
96 18
96 214
96 3
96 205
96 246
96 45
96 294
96 186
96 109
96 230
96 159
96 10
96 165
96 299
96 23
21 142
21 265
21 78
21 179
21 60
21 172
21 231
21 103
21 52
21 283
21 111
21 153
21 157
21 159
21 214
21 95
21 229
21 150
21 205
21 22
21 156
21 158
21 12
21 193
21 261
263 280
263 93
263 175
263 184
263 218
263 229
263 252
263 133
263 14
263 208
263 48
263 157
263 4
263 217
263 45
263 256
263 18
263 283
263 67
263 274
263 95
263 259
67 185
67 191
67 184
67 41
67 109
67 181
67 48
67 172
67 214
67 174
67 97
67 218
67 222
67 92
67 226
67 268
67 219
67 43
67 87
67 142
67 210
67 212
67 146
67 269
218 269
218 60
218 41
218 184
218 262
218 133
218 178
218 279
218 23
218 157
218 18
218 240
218 31
218 12
218 299
218 246
218 292
218 153
218 213
218 230
218 192
218 156
218 175
218 26
269 208
269 153
269 104
269 151
269 111
269 243
269 194
269 71
269 163
269 265
269 161
269 142
269 23
269 234
269 116
269 146
89 74
89 190
89 150
89 194
89 262
89 185
89 26
89 41
89 299
89 248
89 186
89 23
89 122
89 87
89 280
89 95
89 43
89 73
89 154
89 275
89 18
89 103
89 52
89 1
89 272
89 140
89 46
74 261
74 49
74 258
74 150
74 205
74 41
74 264
74 132
74 5
74 178
74 191
74 184
74 122
74 111
74 245
74 291
74 280
74 108
74 163
74 165
74 220
74 52
74 3
74 1
74 12
74 147
74 270
261 232
261 49
261 117
261 181
261 192
261 275
261 277
261 5
261 150
261 14
261 153
261 206
261 240
261 230
261 205
261 45
261 109
261 222
261 154
261 43
261 207
261 103
261 133
261 186
261 216
261 46
261 140
261 285
261 193
261 174
93 274
93 100
93 265
93 157
93 23
93 192
93 139
93 194
93 264
93 200
93 60
93 79
93 184
93 18
93 252
93 22
93 3
93 190
93 113
93 234
93 161
93 229
93 284
93 222
93 213
93 283
274 153
274 215
274 175
274 71
274 207
274 252
274 163
274 167
274 48
274 285
274 240
274 100
274 262
274 213
274 45
274 109
274 54
274 156
274 3
274 146
274 46
274 197
60 97
60 220
60 222
60 163
60 158
60 213
60 272
60 153
60 87
60 142
60 190
60 258
60 150
60 5
60 16
60 79
60 191
60 193
60 122
60 100
60 234
60 45
60 181
60 106
60 95
60 229
97 113
97 5
97 183
97 174
97 14
97 284
97 220
97 154
97 167
97 87
97 211
97 158
97 292
97 151
97 219
97 133
97 256
97 22
97 63
97 207
97 31
97 12
97 132
97 246
97 248
97 51
151 215
151 153
151 92
151 280
151 139
151 252
151 100
151 243
151 79
151 245
151 88
151 183
151 172
151 242
151 163
151 150
151 80
151 12
151 178
151 46
151 156
151 10
151 292
215 132
215 230
215 272
215 219
215 71
215 14
215 220
215 161
215 277
215 4
215 87
215 45
215 265
215 109
215 192
215 73
215 243
215 245
215 116
215 229
215 172
215 123
215 49
192 161
192 174
192 49
192 132
192 232
192 117
192 234
192 175
192 240
192 154
192 284
192 103
192 178
192 172
192 226
192 157
192 4
192 158
192 52
63 139
63 189
63 299
63 52
63 184
63 100
63 10
63 212
63 104
63 161
63 51
63 156
63 279
63 79
63 200
63 5
63 272
63 206
63 153
63 78
63 243
63 190
63 179
139 165
139 154
139 167
139 158
139 279
139 283
139 164
139 4
139 208
139 113
139 194
139 264
139 185
139 133
139 78
139 108
139 140
139 130
139 45
139 240
139 229
49 153
49 186
49 262
49 117
49 130
49 178
49 246
49 3
49 248
49 31
49 52
49 164
49 232
49 157
49 280
49 106
49 95
49 207
49 154
49 41
49 5
49 16
16 205
16 18
16 262
16 88
16 10
16 22
16 264
16 156
16 200
16 213
16 208
16 252
16 186
16 5
16 179
16 73
16 132
16 246
16 103
16 292
16 175
16 109
16 232
16 153
16 157
142 245
142 123
142 104
142 234
142 113
142 240
142 165
142 26
142 158
142 279
142 283
142 122
142 14
142 164
142 219
142 23
142 146
142 280
142 256
142 205
142 100
142 185
142 73
142 54
142 248
86 71
86 251
86 132
86 14
86 48
86 78
86 259
86 193
86 252
86 109
86 245
86 179
86 275
86 88
86 222
86 31
86 156
86 158
86 147
86 219
86 87
86 190
125 207
125 183
125 116
125 242
125 178
125 193
125 294
125 186
125 111
125 240
125 163
125 284
125 231
125 165
125 220
125 122
125 103
125 279
125 206
165 78
165 87
165 140
165 197
165 173
165 243
165 79
165 158
165 88
165 18
165 22
165 52
165 284
165 116
165 146
165 46
165 279
165 292
165 213
165 226
165 210
51 292
51 92
51 213
51 3
51 217
51 164
51 140
51 210
51 150
51 73
51 262
51 43
51 200
51 189
51 178
51 252
51 122
51 183
51 117
51 216
51 163
51 220
280 231
280 78
280 108
280 217
280 251
280 132
280 200
280 279
280 154
280 184
280 22
280 116
280 95
280 46
280 10
280 104
280 158
280 181
280 275
280 226
280 5
207 240
207 22
207 41
207 146
207 231
207 226
207 294
207 230
207 205
207 163
207 279
207 161
207 272
207 248
207 10
207 119
207 183
207 256
207 79
207 109
277 299
277 175
277 5
277 122
277 133
277 231
277 78
277 108
277 4
277 291
277 270
277 251
277 185
277 219
277 45
277 158
277 173
277 43
277 18
277 52
277 3
277 95
277 259
277 208
277 174
277 234
277 183
277 132
132 43
132 270
132 18
132 140
132 116
132 197
132 212
132 31
132 146
132 104
132 264
132 71
132 230
132 122
132 159
132 172
132 240
132 174
132 231
132 275
132 222
132 156
132 211
132 226
104 153
104 197
104 78
104 264
104 200
104 116
104 22
104 52
104 1
104 285
104 234
104 174
104 284
104 220
104 275
104 222
104 92
153 210
153 216
153 264
153 189
153 133
153 48
153 294
153 175
153 243
153 245
153 179
153 119
153 100
153 234
153 45
153 242
153 163
153 154
153 167
153 146
153 10
154 231
154 222
154 133
154 294
154 270
154 87
154 210
154 205
154 122
154 18
154 22
154 191
154 246
154 31
154 46
154 173
154 123
154 190
154 113
185 226
185 294
185 167
185 219
185 210
185 174
185 216
185 264
185 191
185 243
185 256
185 190
185 258
226 219
226 194
226 270
226 222
226 265
226 3
226 48
226 245
226 258
226 234
226 251
226 229
226 246
226 52
226 146
226 197
226 123
226 284
113 108
113 259
113 206
113 140
113 197
113 210
113 146
113 73
113 18
113 123
113 31
113 248
113 173
113 285
113 179
113 181
113 214
113 229
113 71
113 231
113 5
113 211
248 179
248 130
248 232
248 213
248 79
248 181
248 88
248 268
248 220
248 3
248 272
248 1
248 214
248 12
248 208
248 288
248 173
248 133
248 294
248 231
248 210
248 23
14 1
14 212
14 161
14 108
14 275
14 264
14 156
14 279
14 252
14 122
14 256
14 245
14 18
14 246
14 294
14 109
14 3
41 79
41 92
41 270
41 272
41 206
41 252
41 78
41 258
41 73
41 194
41 262
41 200
41 242
41 299
41 193
41 109
41 43
41 100
41 157
41 174
41 95
156 92
156 211
156 26
156 71
156 186
156 23
156 245
156 183
156 279
156 173
156 283
156 217
156 46
156 212
219 4
219 217
219 285
219 200
219 164
219 103
219 163
219 186
219 3
219 279
219 193
219 183
219 147
219 256
219 43
219 251
219 172
92 26
92 283
92 259
92 272
92 208
92 252
92 212
92 258
92 205
92 4
92 87
92 117
92 240
92 123
92 45
92 79
92 43
92 73
92 173
92 100
92 284
92 220
231 234
231 222
231 163
231 210
231 161
231 268
231 45
231 147
231 79
231 43
231 22
231 150
231 229
231 80
231 159
231 212
231 172
231 292
231 285
231 26
234 212
234 130
234 183
234 147
234 158
234 109
234 211
234 288
234 146
234 230
234 275
234 246
234 122
234 163
275 220
275 23
275 270
275 268
275 179
275 243
275 173
275 122
275 22
275 265
275 167
275 80
275 140
275 291
87 175
87 164
87 172
87 213
87 208
87 265
87 212
87 194
87 183
87 119
87 52
87 80
87 116
87 46
178 43
178 122
178 18
178 189
178 191
178 174
178 246
178 259
178 256
178 111
178 26
178 181
178 172
178 232
178 208
279 200
279 292
279 285
279 186
279 270
279 174
279 130
279 116
279 208
279 159
279 251
229 184
229 216
229 264
229 268
229 259
229 252
229 147
229 43
229 88
229 18
229 80
229 208
229 175
229 71
285 194
285 258
285 173
285 184
285 31
285 46
285 140
285 10
285 119
285 130
285 291
285 220
285 48
288 184
288 133
288 216
288 48
288 23
288 12
288 268
288 119
288 283
288 100
288 130
288 213
288 181
288 43
288 73
288 220
288 159
288 4
288 270
288 117
175 222
175 130
175 109
175 18
175 216
175 200
175 268
175 189
175 193
175 111
175 48
175 78
222 242
222 299
222 23
222 291
222 119
222 100
222 179
222 213
222 262
222 79
222 88
222 22
222 172
222 123
242 43
242 191
242 1
242 12
242 262
242 174
242 119
242 179
242 190
242 243
242 163
242 208
242 108
242 4
242 217
242 246
242 106
242 292
283 117
283 243
283 205
283 71
283 256
283 163
283 186
283 167
283 210
283 140
283 130
283 43
283 88
283 146
283 80
283 31
283 159
283 206
1 3
1 205
1 264
1 299
1 184
1 294
1 109
1 245
1 159
1 95
1 158
1 217
1 140
1 10
1 23
1 12
1 133
212 206
212 157
212 220
212 262
212 259
212 272
212 133
212 108
212 210
212 106
212 119
212 73
212 88
212 230
212 232
108 181
108 157
108 291
108 117
108 161
108 284
108 211
108 259
108 206
108 140
108 88
108 133
108 31
108 183
108 4
108 193
172 78
172 140
172 194
172 262
172 189
172 270
172 88
172 197
172 190
172 46
172 240
172 117
172 164
172 292
116 205
116 130
116 200
116 18
116 246
116 3
116 31
116 173
116 230
116 243
116 232
116 245
116 181
116 284
116 111
116 158
116 103
116 4
116 146
116 256
116 190
167 26
167 71
167 5
167 174
167 3
167 230
167 208
167 119
167 265
167 214
167 73
167 88
167 22
167 264
167 159
167 10
167 157
167 243
167 232
245 106
245 272
245 119
245 181
245 71
245 251
245 246
245 217
245 243
245 26
245 173
245 54
245 133
245 163
258 299
258 210
258 12
258 95
258 157
258 232
258 103
258 163
258 4
258 265
258 100
258 164
258 256
258 22
299 79
299 88
299 31
299 12
299 95
299 259
299 10
299 232
299 264
299 252
299 206
299 23
299 117
299 130
299 164
299 194
43 252
43 230
43 181
43 106
43 31
43 12
43 284
43 103
43 158
43 213
43 147
43 272
43 146
43 256
240 122
240 214
240 46
240 130
240 158
240 268
240 146
240 23
240 200
240 230
240 246
240 292
80 200
80 246
80 259
80 184
80 252
80 186
80 230
80 111
80 100
80 48
80 220
80 45
80 270
80 208
80 52
80 210
80 157
79 252
79 109
79 243
79 216
79 270
79 217
79 18
79 133
79 205
79 119
184 284
184 183
184 211
184 158
184 181
184 208
184 210
184 216
184 189
184 197
184 190
184 232
184 78
184 23
184 291
194 52
194 186
194 46
194 159
194 232
194 111
194 264
194 270
194 259
194 48
194 78
194 73
193 197
193 146
193 159
193 117
193 111
193 5
193 220
193 211
193 140
193 174
193 206
197 291
197 216
197 205
197 158
197 213
197 259
197 272
197 206
197 159
197 265
197 251
197 130
197 246
197 54
197 18
197 46
197 189
191 147
191 158
191 73
191 54
191 190
191 52
191 220
191 10
191 230
191 210
191 122
191 163
191 78
191 189
191 174
191 119
191 100
52 262
52 123
52 22
52 294
52 230
52 111
52 46
52 216
52 163
52 147
52 270
52 206
52 146
186 251
186 100
186 183
186 45
186 109
186 95
186 205
186 164
186 272
186 208
186 190
186 12
186 106
189 109
189 31
189 12
189 46
189 159
189 10
189 294
189 265
189 173
189 5
189 216
189 48
189 106
100 23
100 109
100 232
100 179
100 161
100 3
100 211
100 292
100 270
100 217
100 210
100 157
100 133
100 190
100 71
100 200
100 259
119 140
119 243
119 12
119 106
119 95
119 161
119 163
119 294
119 71
119 217
119 265
119 157
119 48
119 4
119 216
119 251
140 111
140 284
140 4
140 164
140 214
140 268
140 31
140 12
210 291
210 164
210 205
210 71
210 292
210 294
210 230
210 262
210 213
210 181
210 54
210 18
210 46
292 205
292 88
292 265
292 259
292 147
292 26
292 123
292 157
22 183
22 251
22 123
22 48
22 122
22 243
22 232
22 31
22 211
22 26
22 217
22 206
22 265
22 146
122 220
122 213
122 294
122 214
122 161
122 10
122 150
122 205
122 264
122 147
122 259
122 3
122 179
122 181
179 190
179 54
179 220
179 211
179 46
179 159
179 10
179 123
179 4
179 265
179 216
179 111
179 71
179 251
179 268
5 95
5 216
5 31
5 88
5 26
5 146
5 262
5 130
5 4
5 109
5 45
95 146
95 150
95 251
95 23
95 259
95 173
95 73
95 54
95 106
95 284
95 71
109 111
109 181
109 157
109 159
109 150
109 46
109 217
109 200
54 45
54 294
54 164
54 111
54 159
54 106
54 46
54 150
54 88
54 268
54 71
54 117
232 259
232 272
232 216
232 214
232 31
232 10
232 294
232 183
232 268
232 48
259 158
259 181
259 206
259 157
259 4
259 251
259 117
259 205
259 73
259 103
259 246
259 10
130 12
130 174
130 163
130 270
130 206
130 200
88 251
88 230
88 243
88 117
88 45
88 18
88 211
88 31
88 272
88 208
251 216
251 31
251 46
251 265
251 103
251 133
251 48
251 23
251 4
251 45
251 158
251 294
216 206
216 291
216 284
216 174
216 268
216 158
216 265
216 26
216 71
146 71
146 181
146 158
146 45
146 206
211 111
211 26
211 190
211 208
211 78
211 23
211 157
211 106
211 10
211 214
211 220
211 181
264 46
264 23
264 243
264 45
264 103
264 163
264 3
264 48
264 214
264 291
205 270
205 123
205 4
205 256
205 111
205 26
205 268
205 78
220 262
220 103
220 78
220 4
220 158
220 294
262 159
262 206
262 173
262 45
262 147
262 268
256 46
256 26
256 190
256 252
256 284
256 163
256 208
256 157
256 217
256 270
256 45
256 18
256 161
103 117
103 163
103 3
103 214
103 200
103 173
103 4
26 206
26 78
26 71
26 183
26 294
26 3
272 284
272 252
272 161
272 270
272 268
272 183
272 31
272 12
272 46
272 294
272 208
272 159
111 45
111 214
111 73
111 12
111 291
111 117
111 174
206 214
206 3
206 246
206 294
206 123
270 117
270 71
270 133
270 23
270 4
270 246
270 31
270 46
270 123
157 78
157 4
157 252
157 147
157 163
157 284
157 71
157 173
214 159
214 294
214 217
214 48
214 268
214 181
291 48
291 161
291 106
291 73
291 18
291 230
291 71
291 284
291 173
230 158
230 173
230 284
230 31
230 147
230 150
173 284
173 164
173 45
173 73
173 161
173 252
173 243
173 133
173 183
173 23
173 106
284 252
284 163
284 106
284 268
284 12
284 294
284 190
48 117
48 159
48 158
48 12
48 46
48 10
48 78
48 183
208 23
208 174
208 18
208 190
208 3
208 217
208 10
18 117
18 164
18 159
18 163
18 12
18 147
117 265
117 123
117 190
117 183
4 106
4 161
4 150
4 200
4 12
4 243
294 3
294 174
294 123
294 183
294 71
294 150
294 133
294 78
200 73
200 217
200 268
200 164
200 246
200 252
200 133
200 174
200 183
217 213
217 190
217 150
217 46
217 159
243 106
243 183
243 46
243 164
3 10
3 12
3 71
71 46
71 73
71 123
174 252
174 163
174 181
174 12
174 158
174 159
174 23
174 246
174 45
123 265
123 150
123 268
123 181
106 78
106 161
106 45
106 158
106 150
246 147
246 164
246 163
246 161
246 252
246 265
181 268
181 10
181 252
161 133
161 265
161 252
12 213
190 213
190 10
190 183
190 78
190 73
73 158
73 78
73 183
252 265
31 23
31 150
31 147
31 78
31 133
265 163
265 150
268 150
268 45
268 213
150 163
150 213
147 183
147 45
147 46
147 10
159 158
164 163
164 46
164 213
164 78
183 10
183 78
78 213
78 133
78 45
45 163
45 158
213 163
46 23
10 133