400 2000
145 387
145 31
145 27
145 258
145 261
145 228
145 5
145 161
145 340
145 276
387 227
387 288
387 93
387 153
387 104
387 137
387 72
387 304
387 285
38 261
38 339
38 170
38 215
38 103
38 63
38 151
38 239
38 35
38 85
261 355
261 324
261 17
261 280
261 381
261 314
261 245
261 221
112 210
112 344
112 235
112 146
112 247
112 302
112 240
112 229
112 69
112 208
210 344
210 323
210 368
210 304
210 201
210 341
210 45
210 362
210 254
51 343
51 356
51 203
51 228
51 273
51 207
51 229
51 350
51 317
51 111
343 356
343 194
343 134
343 102
343 373
343 146
343 30
343 355
343 167
152 246
152 215
152 206
152 199
152 130
152 188
152 298
152 190
152 376
152 168
246 270
246 302
246 12
246 284
246 178
246 272
246 363
246 146
246 300
315 389
315 115
315 252
315 20
315 349
315 352
315 15
315 81
315 290
315 357
389 345
389 175
389 324
389 13
389 311
389 140
389 170
389 355
389 250
144 278
144 333
144 169
144 279
144 213
144 80
144 15
144 29
144 92
144 65
278 309
278 258
278 120
278 269
278 53
278 257
278 319
278 0
278 97
225 352
225 342
225 397
225 25
225 42
225 346
225 175
225 10
225 137
225 383
352 305
352 124
352 3
352 85
352 75
352 280
352 98
352 79
91 272
91 81
91 252
91 209
91 294
91 263
91 332
91 39
91 236
91 160
272 288
272 313
272 197
272 61
272 304
272 253
272 8
272 87
77 108
77 363
77 221
77 299
77 353
77 222
77 277
77 268
77 306
77 217
108 300
108 357
108 116
108 262
108 23
108 155
108 285
108 106
108 232
168 226
168 94
168 350
168 289
168 223
168 288
168 265
168 312
168 149
226 289
226 235
226 378
226 28
226 123
226 206
226 329
226 85
226 229
120 186
120 375
120 255
120 34
120 190
120 64
120 303
120 316
120 54
186 7
186 306
186 338
186 341
186 330
186 332
186 128
186 288
186 42
217 384
217 52
217 200
217 97
217 29
217 197
217 271
217 238
217 105
384 234
384 87
384 71
384 185
384 5
384 101
384 55
384 179
384 94
124 305
124 262
124 307
124 385
124 28
124 23
124 247
124 54
124 236
305 237
305 216
305 337
305 96
305 178
305 56
305 181
305 286
190 250
190 62
190 93
190 311
190 87
190 60
190 35
190 326
250 373
250 113
250 0
250 253
250 128
250 257
250 87
250 271
135 314
135 327
135 47
135 338
135 184
135 383
135 24
135 276
135 154
135 156
314 150
314 80
314 125
314 376
314 71
314 355
314 105
314 174
39 117
39 194
39 184
39 138
39 122
39 200
39 386
39 244
39 92
117 148
117 19
117 371
117 153
117 43
117 73
117 243
117 134
117 244
345 46
345 98
345 323
345 140
345 2
345 235
345 50
345 149
345 130
344 211
344 356
344 141
344 193
344 101
344 41
344 2
344 99
317 327
317 25
317 377
317 64
317 148
317 381
317 269
317 54
317 270
327 134
327 115
327 179
327 346
327 311
327 189
327 171
327 364
22 293
22 60
22 62
22 183
22 107
22 44
22 142
22 320
22 244
22 24
293 268
293 14
293 292
293 205
293 162
293 170
293 121
293 297
293 5
103 367
103 32
103 173
103 13
103 297
103 276
103 101
103 154
103 302
367 346
367 310
367 95
367 58
367 137
367 337
367 202
367 279
367 165
180 358
180 130
180 64
180 75
180 159
180 360
180 242
180 330
180 5
180 34
358 331
358 99
358 224
358 227
358 211
358 264
358 126
358 204
358 151
41 163
41 8
41 208
41 243
41 199
41 254
41 80
41 157
41 139
163 291
163 238
163 313
163 227
163 375
163 329
163 79
163 191
163 325
106 143
106 241
106 167
106 242
106 333
106 44
106 9
106 204
106 209
143 151
143 256
143 234
143 36
143 66
143 337
143 67
143 79
143 109
192 332
192 66
192 334
192 12
192 306
192 207
192 350
192 184
192 320
192 297
332 97
332 207
332 54
332 398
332 146
332 355
332 368
59 68
59 267
59 399
59 71
59 83
59 27
59 19
59 131
59 386
59 376
68 32
68 57
68 342
68 99
68 320
68 244
68 256
68 311
68 280
356 375
356 107
356 322
356 398
356 24
356 248
356 82
58 252
58 197
58 79
58 101
58 222
58 100
58 221
58 202
58 214
252 154
252 229
252 374
252 33
252 308
252 44
252 43
18 30
18 392
18 395
18 195
18 53
18 1
18 265
18 199
18 57
18 172
30 69
30 114
30 237
30 181
30 337
30 62
30 76
30 123
203 341
203 169
203 299
203 331
203 37
203 378
203 2
203 369
203 34
341 139
341 323
341 105
341 219
341 34
341 114
341 338
162 309
162 86
162 149
162 391
162 247
162 79
162 381
162 340
162 264
309 42
309 396
309 93
309 172
309 220
309 165
309 199
309 298
134 188
134 243
134 37
134 322
134 338
134 138
134 62
66 381
66 214
66 222
66 212
66 133
66 365
66 299
66 191
85 205
85 239
85 44
85 321
85 157
85 353
85 150
205 255
205 259
205 128
205 54
205 110
205 330
205 201
205 397
185 292
185 347
185 153
185 107
185 240
185 118
185 286
185 1
185 313
292 219
292 177
292 194
292 277
292 391
292 141
292 362
292 182
23 230
23 197
23 67
23 348
23 150
23 274
23 84
23 283
230 56
230 171
230 378
230 223
230 368
230 139
230 216
230 132
230 48
94 290
94 221
94 34
94 350
94 340
94 228
94 320
94 3
290 340
290 61
290 366
290 223
290 67
290 198
290 2
290 328
1 211
1 24
1 147
1 259
1 295
1 42
1 198
1 319
211 48
211 399
211 348
211 24
211 136
211 118
211 161
81 156
81 169
81 388
81 336
81 182
81 119
81 100
81 374
65 232
65 310
65 166
65 31
65 216
65 373
65 286
65 99
65 265
232 109
232 56
232 207
232 165
232 122
232 377
232 78
232 160
83 137
83 258
83 49
83 237
83 304
83 62
83 263
83 119
83 74
137 113
137 224
137 259
137 110
137 240
137 184
151 316
151 363
151 176
151 73
151 27
151 216
151 110
129 253
129 320
129 116
129 92
129 228
129 394
129 56
129 338
129 107
129 4
253 172
253 248
253 286
253 33
253 198
253 259
253 32
25 312
25 200
25 104
25 270
25 286
25 307
25 156
25 231
312 363
312 36
312 251
312 53
312 354
312 299
312 133
312 379
346 296
346 179
346 335
346 297
346 301
346 334
346 49
176 221
176 321
176 155
176 179
176 269
176 197
176 164
176 96
176 275
221 349
221 48
221 104
221 167
221 360
159 397
159 36
159 47
159 9
159 109
159 40
159 273
159 161
159 329
397 154
397 33
397 6
397 300
397 165
397 119
397 78
12 198
12 4
12 336
12 204
12 97
12 43
12 131
12 255
198 303
198 361
198 328
198 37
198 193
198 236
342 62
342 54
342 136
342 169
342 371
342 127
342 316
342 328
131 298
131 43
131 280
131 304
131 125
131 165
131 233
131 354
298 348
298 193
298 73
298 382
298 173
298 306
298 378
258 227
258 244
258 242
258 368
258 357
258 3
258 249
123 294
123 297
123 78
123 218
123 243
123 275
123 388
123 138
294 166
294 150
294 377
294 260
294 370
294 32
294 111
294 234
241 171
241 188
241 214
241 200
241 371
241 48
241 56
241 195
241 73
113 116
113 295
113 308
113 242
113 17
113 50
113 102
113 136
49 381
49 171
49 395
49 177
49 40
49 156
49 224
49 369
381 234
381 347
381 251
381 257
381 5
363 73
363 289
363 8
363 238
363 350
363 115
10 273
10 165
10 197
10 320
10 388
10 100
10 148
10 182
10 218
273 270
273 104
273 364
273 265
273 268
273 357
273 303
224 233
224 267
224 27
224 371
224 50
224 353
224 274
233 390
233 189
233 37
233 21
233 318
233 331
233 52
233 177
76 218
76 331
76 335
76 55
76 147
76 369
76 336
76 29
76 13
218 88
218 3
218 132
218 386
218 222
218 133
218 319
142 200
142 140
142 150
142 53
142 237
142 127
142 284
142 306
142 96
200 348
200 110
200 310
200 169
200 19
8 349
8 283
8 11
8 310
8 234
8 57
8 169
349 132
349 35
349 243
349 31
349 310
349 4
349 37
227 202
227 101
227 399
227 64
227 114
227 172
32 301
32 204
32 140
32 208
32 164
32 245
184 282
184 157
184 50
184 132
184 399
184 90
282 0
282 393
282 337
282 288
282 125
282 110
282 322
282 267
282 88
16 60
16 173
16 174
16 386
16 266
16 122
16 102
16 379
16 71
16 391
60 188
60 354
60 353
60 31
60 136
60 158
60 348
115 182
115 171
115 97
115 319
115 27
115 90
115 74
182 370
182 351
182 319
182 172
182 322
182 155
187 207
187 308
187 374
187 19
187 280
187 257
187 237
187 325
187 281
187 158
207 21
207 155
207 308
207 64
207 121
165 219
165 208
165 149
165 301
148 223
148 222
148 368
148 390
148 382
148 316
148 373
157 285
157 383
157 14
157 354
157 70
157 237
157 17
15 100
15 234
15 90
15 178
15 28
15 339
15 21
15 220
100 75
100 139
100 249
100 251
100 164
100 277
92 320
92 45
92 334
92 247
92 194
92 74
92 396
320 4
320 374
320 398
36 391
36 295
36 251
36 372
36 87
36 132
36 57
169 194
169 111
169 139
169 202
194 95
194 383
194 274
194 74
194 319
147 255
147 313
147 158
147 48
147 206
147 166
147 362
147 3
255 364
255 321
255 70
255 325
255 338
255 31
193 371
193 98
193 235
193 202
193 90
193 393
193 248
371 101
371 331
371 78
371 29
371 95
63 378
63 260
63 262
63 195
63 0
63 219
63 111
63 88
63 102
378 264
378 11
378 361
378 195
378 369
9 178
9 391
9 191
9 283
9 20
9 4
9 264
9 385
178 80
178 70
178 283
178 166
178 285
178 362
300 7
300 87
300 321
300 5
300 269
300 86
300 347
149 301
149 304
149 328
149 37
149 376
149 277
301 359
301 339
301 61
301 240
301 154
301 229
340 201
340 285
340 29
340 260
340 70
340 396
202 114
202 177
202 84
202 281
202 291
146 183
146 127
146 382
146 73
146 35
146 254
183 105
183 370
183 206
183 82
183 392
183 306
183 299
183 323
270 307
270 375
270 209
270 172
270 174
270 122
234 98
234 181
234 376
234 316
181 289
181 109
181 228
181 110
181 55
181 310
181 375
289 80
289 251
289 139
289 354
289 141
289 213
17 303
17 238
17 45
17 398
17 231
17 188
17 248
303 361
303 310
303 29
303 236
303 21
303 313
197 379
197 304
197 161
197 220
370 393
370 166
370 295
370 264
370 355
370 7
370 201
130 238
130 19
130 219
130 318
130 95
130 366
130 54
268 191
268 11
268 362
268 57
268 118
268 333
268 235
46 366
46 28
46 57
46 334
46 104
46 215
46 7
46 6
46 231
366 177
366 208
366 206
366 7
366 204
366 318
366 386
27 87
27 355
27 266
27 324
27 259
87 136
87 235
87 13
13 189
13 287
13 48
13 128
13 372
13 228
189 277
189 170
189 154
189 171
189 3
189 53
189 392
204 394
204 266
204 126
204 40
204 121
394 21
394 398
394 199
394 82
394 97
394 277
394 395
394 206
56 121
56 111
56 324
56 138
56 316
75 14
75 64
75 373
75 24
75 88
75 353
75 199
80 138
80 281
80 382
80 219
80 288
21 242
21 88
21 47
21 357
21 72
160 323
160 84
160 380
160 79
160 307
160 286
160 386
160 99
323 247
323 125
323 7
323 69
323 284
127 47
127 328
127 89
127 373
127 188
127 243
127 396
2 380
2 337
2 395
2 90
2 104
2 325
380 379
380 279
380 48
380 383
380 212
380 395
380 354
380 201
256 296
256 364
256 231
256 212
256 375
256 324
256 3
256 53
296 5
296 361
296 283
296 318
296 310
296 291
296 29
296 321
40 263
40 35
40 386
40 199
40 328
40 62
40 42
263 313
263 251
263 284
263 196
263 354
263 321
263 173
90 209
90 398
90 69
90 138
90 47
339 375
339 304
339 399
339 86
339 179
339 109
339 393
297 107
297 82
297 175
297 14
297 214
43 188
43 26
43 122
43 275
43 334
43 114
188 254
188 34
188 360
262 223
262 72
262 231
262 109
262 266
262 104
262 156
42 271
42 220
42 265
42 45
42 166
69 138
69 386
69 209
69 133
69 279
69 6
44 269
44 237
44 84
44 385
44 164
44 45
269 125
269 375
269 175
269 140
269 390
52 93
52 348
52 383
52 231
52 119
52 11
52 376
52 299
93 287
93 385
93 133
93 265
93 283
93 71
171 33
171 116
171 84
171 95
313 302
313 164
313 325
313 360
35 385
35 175
35 318
35 353
35 375
156 89
156 3
156 238
156 283
156 393
287 382
287 141
287 174
287 215
287 213
287 216
287 84
287 347
99 326
99 348
99 265
99 47
99 170
326 382
326 114
326 308
326 280
326 311
326 11
326 208
326 170
214 276
214 167
214 20
214 128
214 70
214 86
276 24
276 6
276 67
276 78
276 29
276 125
379 28
379 45
379 324
379 96
379 336
379 138
260 118
260 391
260 161
260 274
260 74
260 264
260 267
177 245
177 54
177 353
177 330
177 331
245 175
245 153
245 369
245 4
245 6
245 118
245 361
78 125
78 295
78 173
78 374
78 14
348 392
348 116
348 231
392 310
392 243
392 377
392 88
392 353
392 118
47 45
47 175
47 121
47 333
382 365
382 285
382 161
382 259
333 351
333 71
333 322
333 6
333 271
333 335
164 311
164 89
164 70
164 393
164 308
311 357
311 155
311 136
311 248
391 279
391 61
391 274
391 125
101 239
101 354
101 388
101 347
109 133
109 104
109 139
109 284
223 373
223 229
223 259
223 284
223 359
24 244
24 26
24 393
98 222
98 335
98 107
98 195
98 351
98 122
222 254
222 14
222 167
222 351
304 316
304 219
48 84
48 360
48 386
34 73
34 362
34 86
34 324
267 240
267 212
267 377
267 3
267 132
267 179
310 19
102 228
102 64
102 235
102 365
102 126
102 105
228 266
228 121
228 55
114 281
114 360
114 374
114 6
55 116
55 295
55 373
55 110
55 375
55 88
116 97
116 396
116 73
116 247
275 385
275 388
275 57
275 257
275 372
275 328
275 308
385 399
385 254
385 119
385 196
247 335
247 128
247 172
247 153
167 26
167 7
167 86
167 331
167 334
166 238
166 219
166 329
166 31
70 132
70 45
70 396
70 386
132 235
132 31
132 365
216 335
216 191
216 338
216 328
216 31
335 284
335 365
335 377
335 390
393 20
393 280
393 74
308 284
308 199
308 79
173 373
173 121
173 377
173 96
173 89
373 67
279 318
279 0
279 6
279 364
279 399
347 33
347 243
347 174
347 20
347 398
111 89
111 377
111 174
111 20
111 395
285 141
285 122
285 11
285 62
31 264
31 54
154 196
154 153
154 72
154 158
283 57
283 4
283 321
26 331
26 236
26 281
26 237
26 338
26 229
26 319
331 126
331 20
110 330
110 359
110 215
330 306
330 238
330 97
330 299
330 353
396 122
396 45
396 288
396 242
155 338
155 174
155 209
155 299
155 374
338 360
7 174
7 20
7 179
174 212
174 88
368 374
368 376
368 140
368 37
368 257
388 4
388 89
388 140
388 359
388 136
355 257
355 350
355 281
107 395
107 0
107 336
107 318
133 215
133 195
133 354
133 158
97 395
97 329
209 322
209 199
209 249
209 281
383 201
383 254
383 264
383 242
84 170
84 325
84 398
170 357
170 291
170 195
208 236
208 360
208 215
208 128
141 295
141 206
141 277
141 390
141 150
295 302
295 265
295 259
28 125
28 336
28 280
28 249
28 374
125 390
121 89
121 299
121 67
191 390
191 372
191 5
191 206
191 14
82 361
82 196
82 119
82 57
82 254
82 19
361 251
361 215
361 377
361 231
322 239
322 286
322 104
322 138
45 350
337 219
337 244
337 274
337 307
291 196
291 61
291 321
291 264
291 105
291 220
316 19
316 306
316 126
329 359
329 153
329 318
329 50
329 239
359 14
359 229
359 362
359 376
359 306
395 88
395 325
264 376
302 161
302 288
302 74
302 237
302 72
118 53
118 153
118 95
118 324
0 161
0 206
0 212
0 336
161 213
161 307
20 73
20 199
105 119
105 11
105 89
105 29
122 53
122 175
179 248
179 172
179 72
248 196
248 95
248 96
248 365
88 251
62 236
62 71
251 229
251 235
196 67
196 96
196 175
196 71
364 172
364 5
364 239
364 72
364 280
33 350
33 307
33 244
33 158
33 336
235 126
14 351
14 244
266 139
266 126
266 37
266 277
266 6
11 61
11 126
11 286
138 372
153 328
153 318
89 265
89 50
238 321
238 249
307 220
307 369
307 319
175 398
399 220
399 213
399 61
357 365
357 61
357 201
365 220
365 257
365 19
201 96
201 74
201 390
334 277
334 37
334 249
334 72
237 243
288 284
288 372
219 242
150 95
150 239
150 372
150 139
61 236
61 19
236 284
236 72
277 86
206 119
215 5
215 257
64 271
64 195
64 212
172 242
86 274
86 372
86 67
321 265
73 136
71 351
71 213
57 220
220 213
231 390
231 128
213 324
213 319
213 243
324 336
104 325
139 158
229 350
374 398
212 376
212 325
212 271
239 95
239 4
239 54
390 372
4 128
280 362
318 372
351 271
351 281
351 274
351 369
254 50
254 195
128 350
126 286
126 96
286 369
195 306
50 271
50 119
50 240
136 336
136 244
281 271
281 240
242 362
354 158
377 140
299 362
140 158
140 240
3 29
158 79
72 249
249 53
249 328
249 96
271 259
53 74
325 360
79 319
79 119
95 274
67 37
67 274
257 360
369 259
369 240
353 74
240 6