400 10000
206 217
206 151
206 53
206 289
206 147
206 210
206 166
206 28
206 212
206 81
206 390
206 324
206 96
206 90
206 71
206 328
206 275
206 330
206 332
206 50
206 266
206 148
206 380
206 393
206 4
206 369
206 176
206 208
206 263
206 318
206 320
206 375
206 85
206 364
206 256
206 30
206 11
206 245
206 45
206 306
206 137
206 244
206 365
206 67
206 246
206 189
206 226
206 281
206 294
206 70
217 102
217 83
217 185
217 136
217 28
217 344
217 399
217 92
217 267
217 218
217 260
217 381
217 35
217 315
217 39
217 251
217 398
217 122
217 152
217 319
217 133
217 374
217 216
217 255
217 268
217 108
217 389
217 59
217 244
217 23
217 195
217 121
217 371
217 384
217 305
217 174
217 296
217 377
217 94
217 73
217 238
217 293
217 165
217 345
217 178
217 10
217 70
217 281
217 294
151 281
151 336
151 228
151 272
151 285
151 155
151 13
151 92
151 199
151 214
151 120
151 324
151 379
151 124
151 16
151 194
151 328
151 133
151 251
151 29
151 131
151 204
151 106
151 57
151 8
151 248
151 2
151 250
151 307
151 362
151 75
151 364
151 54
151 302
151 107
151 238
151 348
151 240
151 67
151 163
151 176
151 31
151 114
151 65
151 144
151 46
151 167
151 345
151 358
281 113
281 380
281 117
281 196
281 314
281 327
281 329
281 7
281 228
281 388
281 139
281 309
281 143
281 207
281 313
281 167
281 359
281 363
281 255
281 106
281 140
281 288
281 234
281 85
281 115
281 371
281 119
281 347
281 232
281 94
281 45
281 128
281 351
281 109
281 181
281 241
281 54
281 342
281 58
281 33
281 165
281 248
281 150
281 339
281 148
281 40
281 270
51 343
51 235
51 268
51 48
51 29
51 96
51 27
51 100
51 265
51 135
51 392
51 260
51 315
51 249
51 330
51 372
51 13
51 132
51 374
51 145
51 308
51 242
51 255
51 389
51 244
51 365
51 378
51 178
51 1
51 74
51 316
51 46
51 118
51 239
51 25
51 373
51 175
51 309
51 122
51 245
51 287
51 58
51 170
51 304
51 108
51 55
51 218
51 152
51 165
51 222
343 194
343 269
343 7
343 37
343 60
343 248
343 39
343 197
343 108
343 59
343 399
343 325
343 195
343 350
343 234
343 55
343 219
343 302
343 283
343 277
343 311
343 158
343 292
343 211
343 241
343 207
343 290
343 107
343 88
343 250
343 101
343 67
343 375
343 80
343 214
343 377
343 272
343 287
343 317
343 134
343 187
343 0
343 285
343 315
343 53
343 34
343 166
343 330
343 28
266 268
266 338
266 126
266 327
266 37
266 41
266 135
266 86
266 218
266 233
266 50
266 114
266 125
266 326
266 29
266 108
266 242
266 315
266 317
266 4
266 138
266 57
266 8
266 196
266 230
266 354
266 301
266 96
266 205
266 75
266 79
266 109
266 347
266 188
266 283
266 22
266 82
266 191
266 12
266 348
266 10
266 223
266 70
266 198
266 130
266 64
266 332
266 83
266 387
268 307
268 32
268 111
268 349
268 351
268 56
268 250
268 298
268 287
268 342
268 169
268 357
268 197
268 231
268 236
268 187
268 240
268 87
268 55
268 85
268 115
268 323
268 164
268 175
268 222
268 373
268 256
268 375
268 101
268 82
268 67
268 302
268 214
268 195
268 95
268 259
268 10
268 89
268 223
268 174
268 234
268 257
268 74
268 149
268 312
268 354
268 314
156 396
156 13
156 385
156 319
156 145
156 96
156 26
156 389
156 90
156 41
156 71
156 154
156 20
156 50
156 318
156 131
156 175
156 91
156 247
156 289
156 236
156 357
156 304
156 225
156 372
156 149
156 30
156 147
156 109
156 220
156 43
156 169
156 18
156 171
156 65
156 95
156 125
156 10
156 331
156 21
156 386
156 399
156 153
156 388
156 322
156 271
156 53
156 381
156 273
156 207
396 373
396 56
396 269
396 171
396 165
396 180
396 282
396 99
396 335
396 346
396 84
396 44
396 344
396 355
396 236
396 289
396 240
396 319
396 270
396 221
396 251
396 136
396 66
396 366
396 347
396 277
396 228
396 45
396 288
396 79
396 109
396 188
396 137
396 271
396 182
396 86
396 116
396 359
396 210
396 225
396 308
396 259
396 140
396 193
396 223
396 336
396 53
396 247
396 379
197 397
197 331
197 333
197 183
197 337
197 350
197 83
197 339
197 117
197 77
197 387
197 96
197 26
197 215
197 257
197 165
197 105
197 259
197 272
197 373
197 254
197 153
197 201
197 322
197 377
197 157
197 138
197 379
197 317
197 6
197 293
197 295
197 15
197 310
197 109
197 24
197 356
197 358
197 152
197 305
197 186
197 116
197 283
197 230
197 298
197 1
197 12
197 287
397 361
397 159
397 10
397 123
397 317
397 157
397 72
397 113
397 196
397 330
397 28
397 230
397 352
397 120
397 143
397 173
397 124
397 312
397 182
397 395
397 97
397 78
397 280
397 325
397 214
397 274
397 225
397 255
397 323
397 223
397 168
397 302
397 202
397 232
397 213
397 390
397 211
397 24
397 239
397 52
397 33
397 135
397 67
397 169
397 16
397 293
397 144
397 308
397 338
357 386
357 44
357 25
357 246
357 340
357 210
357 161
357 112
357 355
357 392
357 27
357 240
357 87
357 170
357 372
357 223
357 55
357 6
357 238
357 11
357 277
357 75
357 311
357 341
357 241
357 73
357 126
357 77
357 58
357 201
357 63
357 364
357 299
357 12
357 148
357 21
357 212
357 257
357 221
357 224
357 7
357 391
357 60
357 393
357 143
357 154
357 237
357 252
386 10
386 172
386 306
386 123
386 257
386 321
386 351
386 72
386 296
386 9
386 226
386 71
386 154
386 169
386 248
386 16
386 39
386 118
386 99
386 312
386 148
386 25
386 97
386 261
386 212
386 108
386 191
386 276
386 355
386 176
386 91
386 155
386 200
386 381
386 283
386 313
386 30
386 213
386 258
386 360
386 311
386 292
386 237
386 373
386 22
386 295
386 246
386 144
247 255
247 389
247 3
247 82
247 63
247 1
247 382
247 316
247 89
247 223
247 375
247 322
247 232
247 49
247 213
247 258
247 379
247 147
247 177
247 9
247 304
247 306
247 137
247 41
247 105
247 39
247 233
247 358
247 148
247 395
247 215
247 278
247 36
247 17
247 111
247 269
247 30
247 164
247 243
247 392
247 64
247 94
247 228
247 339
247 262
247 275
247 24
247 385
255 79
255 24
255 379
255 107
255 88
255 291
255 63
255 31
255 46
255 125
255 148
255 25
255 301
255 236
255 34
255 353
255 81
255 245
255 194
255 346
255 222
255 154
255 269
255 5
255 324
255 118
255 99
255 133
255 44
255 167
255 246
255 317
255 330
255 59
255 385
255 23
255 214
255 8
255 312
255 380
255 369
255 119
255 384
255 64
255 320
123 219
123 98
123 155
123 223
123 399
123 43
123 212
123 267
123 322
123 116
123 394
123 328
123 12
123 372
123 264
123 114
123 187
123 308
123 10
123 376
123 257
123 378
123 138
123 259
123 380
123 180
123 369
123 382
123 307
123 81
123 175
123 177
123 56
123 124
123 41
123 236
123 16
123 291
123 304
123 84
123 29
123 354
123 27
123 356
123 358
123 121
123 85
123 162
219 68
219 283
219 285
219 200
219 232
219 342
219 355
219 164
219 60
219 225
219 184
219 269
219 39
219 118
219 122
219 133
219 275
219 48
219 385
219 332
219 112
219 321
219 42
219 57
219 121
219 393
219 55
219 198
219 384
219 202
219 267
219 181
219 313
219 107
219 368
219 260
219 370
219 383
219 304
219 31
219 61
219 242
219 114
219 231
219 244
219 365
219 212
219 356
95 157
95 214
95 190
95 203
95 324
95 258
95 271
95 392
95 262
95 372
95 198
95 308
95 242
95 323
95 136
95 303
95 64
95 15
95 79
95 43
95 230
95 177
95 58
95 88
95 366
95 287
95 234
95 63
95 344
95 115
95 67
95 359
95 295
95 46
95 176
95 101
95 213
95 226
95 149
95 204
95 325
95 26
95 56
95 37
95 221
95 60
95 90
95 210
157 164
157 84
157 25
157 4
157 346
157 57
157 102
157 136
157 271
157 30
157 385
157 60
157 332
157 387
157 321
157 143
157 189
157 202
157 24
157 270
157 391
157 18
157 327
157 303
157 377
157 121
157 155
157 179
157 55
157 302
157 183
157 0
157 113
157 242
157 9
157 352
157 365
157 299
157 77
157 220
157 141
157 222
157 235
157 169
157 120
157 228
157 144
287 327
287 59
287 329
287 318
287 320
287 136
287 324
287 366
287 381
287 11
287 205
287 383
287 15
287 143
287 203
287 184
287 122
287 354
287 82
287 246
287 86
287 116
287 280
287 371
287 12
287 176
287 360
287 140
287 351
287 364
287 193
287 104
287 355
287 19
287 213
287 335
287 241
287 341
287 332
287 387
287 199
287 321
287 69
287 336
287 227
327 377
327 315
327 192
327 328
327 294
327 205
327 56
327 37
327 41
327 363
327 5
327 199
327 16
327 44
327 25
327 97
327 349
327 362
327 187
327 366
327 2
327 136
327 215
327 66
327 100
327 11
327 224
327 75
327 98
327 79
327 158
327 203
327 73
327 182
327 22
327 265
327 334
327 347
327 336
327 259
327 110
327 189
327 395
327 174
327 234
327 93
273 392
273 41
273 135
273 275
273 169
273 330
273 248
273 229
273 345
273 279
273 148
273 323
273 78
273 393
273 4
273 395
273 87
273 373
273 185
273 136
273 17
273 324
273 243
273 224
273 96
273 258
273 370
273 222
273 58
273 310
273 186
273 314
273 356
273 42
273 358
273 174
273 55
273 296
273 238
273 168
273 179
273 53
273 34
273 260
273 211
273 280
273 62
273 350
273 239
392 303
392 86
392 116
392 318
392 169
392 16
392 46
392 231
392 336
392 23
392 300
392 83
392 136
392 379
392 298
392 111
392 11
392 96
392 205
392 26
392 209
392 394
392 188
392 331
392 182
392 133
392 210
392 142
392 195
392 323
392 253
392 387
392 204
392 155
392 85
392 130
392 19
392 366
392 64
392 360
392 79
392 73
392 275
392 126
392 320
350 383
350 143
350 173
350 203
350 252
350 378
350 216
350 48
350 29
350 354
350 4
350 358
350 371
350 289
350 8
350 174
350 298
350 36
350 249
350 313
350 353
350 277
350 15
350 94
350 311
350 359
350 226
350 107
350 18
350 299
350 150
350 308
350 178
350 129
350 40
350 70
350 21
350 306
350 395
350 285
350 296
350 113
350 196
350 375
350 379
350 145
350 309
383 250
383 116
383 359
383 42
383 144
383 338
383 70
383 236
383 364
383 102
383 117
383 200
383 160
383 245
383 92
383 164
383 145
383 358
383 7
383 228
383 173
383 124
383 337
383 105
383 50
383 44
383 388
383 210
383 106
383 8
383 38
383 259
383 189
383 304
383 193
383 204
383 85
383 238
383 168
383 313
383 202
383 64
383 98
383 311
383 128
383 9
383 43
42 267
42 309
42 80
42 245
42 126
42 368
42 60
42 128
42 370
42 317
42 130
42 251
42 185
42 376
42 310
42 38
42 231
42 312
42 235
42 6
42 48
42 224
42 358
42 184
42 226
42 228
42 349
42 166
42 100
42 47
42 104
42 346
42 93
42 148
42 271
42 152
42 330
42 143
42 345
42 387
42 158
42 200
42 321
42 270
42 72
42 142
42 331
267 306
267 125
267 363
267 89
267 212
267 257
267 221
267 279
267 292
267 164
267 243
267 175
267 205
267 7
267 274
267 395
267 228
267 209
267 222
267 118
267 261
267 78
267 191
267 195
267 240
267 170
267 223
267 270
267 380
267 262
267 64
267 318
267 79
267 158
267 241
267 192
267 9
267 388
267 107
267 366
267 201
267 135
267 146
267 304
267 169
267 214
28 332
28 37
28 321
28 334
28 389
28 7
28 329
28 250
28 89
28 252
28 133
28 322
28 256
28 75
28 317
28 372
28 23
28 185
28 295
28 231
28 367
28 356
28 347
28 39
28 160
28 294
28 349
28 362
28 41
28 162
28 300
28 355
28 34
28 276
28 38
28 1
28 348
28 40
28 229
28 29
28 220
28 275
28 288
28 143
28 35
28 0
332 369
332 245
332 13
332 77
332 358
332 362
332 318
332 297
332 129
332 208
332 159
332 127
332 325
332 4
332 57
332 87
332 341
332 36
332 279
332 398
332 345
332 277
332 15
332 139
332 322
332 124
332 107
332 58
332 314
332 375
332 86
332 377
332 1
332 65
332 278
332 381
332 193
332 21
332 74
332 179
332 321
332 232
332 213
332 326
41 271
41 352
41 277
41 90
41 334
41 389
41 160
41 215
41 136
41 96
41 340
41 39
41 316
41 142
41 320
41 212
41 311
41 203
41 205
41 381
41 370
41 183
41 304
41 200
41 365
41 378
41 70
41 314
41 356
41 127
41 250
41 292
41 63
41 296
41 164
41 285
41 45
41 221
41 236
41 14
41 159
41 227
41 23
271 169
271 199
271 361
271 376
271 299
271 74
271 305
271 360
271 349
271 300
271 145
271 15
271 228
271 139
271 399
271 291
271 346
271 124
271 348
271 118
271 69
271 18
271 84
271 63
271 341
271 191
271 277
271 12
271 225
271 387
271 85
271 380
271 329
271 202
271 262
271 79
271 13
271 92
271 126
271 58
271 368
271 141
271 201
271 52
60 284
60 339
60 165
60 220
60 101
60 398
60 169
60 213
60 226
60 147
60 389
60 215
60 228
60 283
60 55
60 395
60 74
60 263
60 210
60 265
60 199
60 133
60 9
60 135
60 13
60 150
60 317
60 35
60 185
60 66
60 378
60 127
60 4
60 61
60 360
60 107
60 175
60 17
60 353
60 11
60 366
60 166
60 24
60 108
284 203
284 105
284 286
284 182
284 25
284 334
284 97
284 59
284 276
284 4
284 76
284 8
284 382
284 140
284 91
284 204
284 17
284 100
284 130
284 128
284 381
284 370
284 73
284 304
284 126
284 22
284 101
284 310
284 86
284 301
284 369
284 278
284 125
284 178
284 10
284 174
284 347
284 172
284 104
284 238
284 349
284 351
284 0
284 53
284 289
284 241
284 264
284 160
284 37
235 145
235 253
235 374
235 54
235 352
235 365
235 122
235 18
235 163
235 63
235 97
235 67
235 146
235 176
235 170
235 298
235 174
235 300
235 342
235 19
235 232
235 183
235 280
235 128
235 181
235 26
235 398
235 120
235 16
235 50
235 391
235 114
235 380
235 208
235 274
235 48
235 59
235 371
235 4
235 373
235 254
235 72
235 132
235 243
235 377
235 311
235 36
90 163
90 81
90 152
90 13
90 99
90 275
90 290
90 224
90 145
90 334
90 349
90 204
90 325
90 44
90 140
90 133
90 76
90 8
90 390
90 126
90 260
90 394
90 11
90 183
90 317
90 387
90 321
90 376
90 191
90 180
90 382
90 182
90 358
90 294
90 351
90 243
90 164
90 10
90 89
90 300
90 368
90 291
90 104
90 346
90 295
90 216
163 120
163 170
163 124
163 35
163 172
163 306
163 348
163 240
163 69
163 44
163 218
163 167
163 290
163 211
163 76
163 38
163 334
163 283
163 164
163 331
163 256
163 126
163 77
163 205
163 262
163 330
163 264
163 114
163 46
163 376
163 310
163 10
163 312
163 259
163 153
163 134
163 138
163 53
163 132
163 113
163 47
163 111
163 298
163 311
163 234
163 368
163 181
35 227
35 32
35 108
35 7
35 394
35 165
35 275
35 5
35 224
35 345
35 79
35 200
35 25
35 270
35 391
35 72
35 140
35 274
35 395
35 4
35 329
35 142
35 322
35 245
35 11
35 262
35 62
35 306
35 77
35 119
35 53
35 121
35 33
35 57
35 367
35 301
35 127
35 182
35 171
35 349
35 162
35 355
35 223
35 278
35 238
35 159
227 118
227 20
227 333
227 346
227 269
227 210
227 76
227 110
227 204
227 55
227 115
227 11
227 325
227 183
227 259
227 64
227 75
227 316
227 192
227 373
227 307
227 107
227 88
227 52
227 186
227 300
227 381
227 169
227 370
227 129
227 159
227 374
227 40
227 363
227 153
227 365
227 49
227 233
227 301
227 72
227 83
227 303
227 196
227 347
227 111
227 224
227 184
2 50
2 347
2 120
2 175
2 351
2 364
2 164
2 342
2 355
2 344
2 236
2 38
2 280
2 1
2 29
2 341
2 275
2 143
2 211
2 145
2 387
2 321
2 336
2 204
2 259
2 272
2 140
2 74
2 208
2 329
2 10
2 80
2 139
2 73
2 7
2 238
2 9
2 57
2 299
2 312
2 233
2 354
2 125
2 46
2 290
2 61
2 303
2 103
50 280
50 172
50 36
50 352
50 86
50 288
50 398
50 79
50 147
50 215
50 204
50 340
50 153
50 395
50 142
50 46
50 252
50 333
50 133
50 201
50 69
50 324
50 19
50 0
50 260
50 194
50 249
50 77
50 240
50 134
50 26
50 299
50 180
50 127
50 248
50 63
50 107
50 175
50 366
50 300
50 221
50 38
50 236
50 291
141 394
141 101
141 82
141 196
141 86
141 145
141 187
141 16
141 312
141 10
141 184
141 23
141 362
141 102
141 375
141 188
141 136
141 256
141 377
141 117
141 177
141 111
141 62
141 289
141 96
141 370
141 225
141 120
141 185
141 176
141 118
141 286
141 122
141 233
141 44
141 78
141 224
141 131
141 106
141 228
141 349
141 110
141 230
141 278
141 335
141 73
141 24
141 205
394 37
394 201
394 352
394 71
394 348
394 318
394 218
394 361
394 212
394 108
394 272
394 57
394 87
394 368
394 160
394 302
394 328
394 228
394 45
394 203
394 105
394 184
394 73
394 152
394 103
394 182
394 22
394 97
394 142
394 31
394 61
394 195
394 176
394 46
394 223
394 257
394 399
394 149
394 130
394 19
394 232
394 183
394 260
394 9
394 369
342 384
342 93
342 74
342 4
342 379
342 215
342 117
342 47
342 81
342 209
342 363
342 222
342 337
342 154
342 105
342 286
342 99
342 103
342 84
342 358
342 265
342 48
342 127
342 299
342 31
342 259
342 121
342 355
342 223
342 344
342 130
342 321
342 64
342 285
342 315
342 177
342 109
342 52
342 254
342 165
342 391
342 252
342 316
342 208
342 159
384 174
384 204
384 93
384 336
384 168
384 119
384 183
384 102
384 53
384 349
384 32
384 62
384 377
384 373
384 56
384 171
384 333
384 229
384 316
384 133
384 44
384 48
384 261
384 108
384 172
384 319
384 353
384 185
384 66
384 230
384 160
384 302
384 179
384 164
384 258
384 391
384 73
384 286
384 237
384 301
384 354
384 348
384 86
384 378
384 329
384 293
361 188
361 399
361 331
361 335
361 152
361 3
361 216
361 63
361 359
361 244
361 308
361 338
361 110
361 189
361 140
361 353
361 121
361 374
361 193
361 94
361 382
361 326
361 330
361 181
361 373
361 264
361 324
361 88
361 239
361 52
361 303
361 333
361 263
361 44
361 129
361 72
361 47
361 81
361 96
361 205
361 258
361 75
361 288
361 395
361 222
361 356
361 154
144 399
144 21
144 335
144 256
144 203
144 324
144 138
144 194
144 72
144 113
144 196
144 209
144 136
144 264
144 47
144 198
144 202
144 323
144 244
144 37
144 316
144 371
144 20
144 377
144 177
144 142
144 289
144 38
144 170
144 359
144 293
144 231
144 165
144 286
144 94
144 290
144 73
144 171
144 226
144 270
144 338
144 164
144 1
144 80
144 155
399 208
399 212
399 4
399 319
399 38
399 251
399 83
399 185
399 349
399 298
399 32
399 194
399 11
399 145
399 175
399 139
399 237
399 54
399 295
399 131
399 214
399 12
399 176
399 106
399 57
399 353
399 70
399 149
399 19
399 177
399 390
399 294
399 77
399 373
399 354
399 22
399 101
399 165
399 67
399 318
399 218
399 312
92 209
92 277
92 290
92 9
92 103
92 387
92 13
92 37
92 270
92 138
92 69
92 265
92 188
92 322
92 390
92 324
92 23
92 4
92 249
92 370
92 317
92 91
92 119
92 85
92 66
92 310
92 244
92 365
92 15
92 79
92 114
92 292
92 184
92 349
92 243
92 98
92 111
92 245
92 179
92 223
92 278
92 291
92 346
92 19
92 83
92 288
209 352
209 171
209 165
209 279
209 349
209 14
209 44
209 285
209 59
209 27
209 55
209 85
209 262
209 330
209 253
209 154
209 387
209 73
209 118
209 310
209 58
209 122
209 3
209 314
209 33
209 63
209 131
209 61
209 195
209 254
209 375
209 364
209 89
209 155
209 236
209 202
209 370
209 291
209 251
209 372
209 98
209 47
209 192
209 229
209 297
83 389
83 160
83 0
83 162
83 338
83 393
83 274
83 89
83 320
83 91
83 375
83 388
83 71
83 135
83 269
83 5
83 16
83 205
83 381
83 207
83 249
83 251
83 48
83 198
83 240
83 23
83 257
83 38
83 114
83 356
83 17
83 171
83 362
83 122
83 364
83 298
83 111
83 359
83 231
83 220
83 10
83 21
83 158
389 34
389 158
389 62
389 305
389 373
389 37
389 352
389 333
389 135
389 337
389 169
389 248
389 382
389 20
389 376
389 25
389 242
389 59
389 153
389 325
389 276
389 4
389 240
389 300
389 85
389 15
389 322
389 173
389 184
389 256
389 73
389 354
389 265
389 3
389 280
389 214
389 65
389 308
389 46
389 91
389 234
389 213
160 136
160 279
160 62
160 349
160 272
160 278
160 18
160 152
160 84
160 322
160 335
160 44
160 127
160 78
160 131
160 339
160 142
160 381
160 315
160 275
160 330
160 264
160 91
160 121
160 66
160 202
160 149
160 100
160 204
160 369
160 128
160 303
160 184
160 186
160 366
160 86
160 116
160 234
160 368
160 31
160 170
160 70
160 72
303 55
303 6
303 36
303 66
303 279
303 17
303 283
303 183
303 15
303 75
303 109
303 192
303 323
303 325
303 52
303 186
303 63
303 329
303 146
303 214
303 333
303 278
303 125
303 309
303 326
303 187
303 370
303 0
303 72
303 306
303 312
303 254
303 173
303 349
303 69
303 282
303 263
303 44
303 355
303 142
303 23
303 27
303 106
148 289
148 31
148 265
148 346
148 348
148 10
148 89
148 150
148 381
148 207
148 138
148 154
148 38
148 264
148 387
148 62
148 191
148 145
148 71
148 263
148 54
148 122
148 18
148 48
148 131
148 315
148 370
148 106
148 91
148 174
148 352
148 178
148 180
148 45
148 169
148 147
148 171
148 292
148 360
148 43
148 230
148 285
289 78
289 172
289 27
289 140
289 215
289 6
289 36
289 230
289 30
289 164
289 288
289 128
289 158
289 43
289 188
289 334
289 82
289 380
289 135
289 395
289 316
289 225
289 46
289 21
289 234
289 309
289 198
289 326
289 202
289 232
289 117
289 47
289 211
289 9
289 374
289 226
289 321
289 220
289 124
289 356
289 282
289 233
25 155
25 168
25 210
25 390
25 161
25 216
25 205
25 326
25 339
25 31
25 264
25 319
25 79
25 202
25 380
25 74
25 208
25 65
25 199
25 14
25 80
25 364
25 137
25 181
25 53
25 187
25 308
25 189
25 352
25 365
25 165
25 125
25 169
25 9
25 13
25 175
25 338
25 230
25 164
25 153
25 1
155 173
155 186
155 241
155 138
155 68
155 243
155 38
155 353
155 47
155 359
155 56
155 348
155 174
155 218
155 286
155 233
155 356
155 103
155 84
155 398
155 3
155 171
155 97
155 347
155 283
155 106
155 272
155 393
155 140
155 221
155 10
155 331
155 119
155 346
155 34
155 109
155 43
155 101
155 374
155 308
155 321
155 376
30 233
30 180
30 61
30 116
30 358
30 171
30 243
30 364
30 98
30 366
30 45
30 291
30 91
30 346
30 20
30 159
30 214
30 106
30 282
30 216
30 44
30 387
30 279
30 380
30 261
30 87
30 329
30 318
30 212
30 146
30 390
30 258
30 71
30 192
30 205
30 260
30 73
30 194
30 262
30 304
30 185
30 253
30 308
30 121
233 145
233 280
233 269
233 143
233 326
233 103
233 385
233 398
233 82
233 97
233 257
233 12
233 225
233 76
233 259
233 393
233 121
233 261
233 316
233 70
233 115
233 331
233 119
233 213
233 94
233 377
233 113
233 245
233 162
233 13
233 58
233 26
233 220
233 363
233 376
233 369
233 89
233 108
233 172
233 349
233 338
233 6
150 335
150 317
150 330
150 372
150 385
150 211
150 4
150 8
150 87
150 193
150 261
150 17
150 111
150 145
150 96
150 186
150 15
150 109
150 298
150 245
150 170
150 22
150 282
150 142
150 231
150 286
150 178
150 91
150 288
150 358
150 158
150 279
150 149
150 130
150 334
150 228
150 34
150 147
150 128
150 79
150 164
150 340
150 9
150 274
150 388
150 159
335 282
335 312
335 359
335 272
335 93
335 153
335 325
335 138
335 300
335 113
335 47
335 249
335 32
335 11
335 96
335 307
335 75
335 292
335 222
335 331
335 388
335 290
335 210
335 161
335 142
335 370
335 293
335 176
335 385
335 91
335 223
335 376
335 130
335 49
335 373
335 126
335 88
335 269
335 101
335 71
335 165
335 355
335 318
269 286
269 199
269 16
269 398
269 129
269 93
269 172
269 391
269 236
269 311
269 366
269 139
269 252
269 20
269 372
269 103
269 29
269 310
269 225
269 87
269 110
269 91
269 170
269 358
269 292
269 55
269 119
269 283
269 213
269 94
269 147
269 98
269 128
269 109
269 162
269 107
269 58
269 88
269 18
269 348
269 201
286 37
286 295
286 363
286 143
286 105
286 248
286 282
286 133
286 358
286 261
286 59
286 276
286 38
286 110
286 85
286 17
286 168
286 149
286 100
286 179
286 128
286 192
286 328
286 190
286 101
286 67
286 229
286 378
286 129
286 193
286 10
286 70
286 153
286 134
286 373
286 138
286 377
286 366
286 185
286 313
286 47
286 205
76 120
76 309
76 109
76 298
76 190
76 68
76 0
76 168
76 181
76 102
76 115
76 291
76 161
76 282
76 229
76 97
76 231
76 152
76 299
76 112
76 16
76 103
76 347
76 270
76 391
76 140
76 78
76 333
76 36
76 66
76 143
76 264
76 253
76 134
76 376
76 58
76 365
76 178
76 325
76 67
76 127
76 371
76 12
76 171
76 186
120 27
120 154
120 275
120 169
120 290
120 334
120 64
120 15
120 391
120 283
120 9
120 107
120 318
120 331
120 63
120 212
120 333
120 86
120 260
120 330
120 132
120 253
120 49
120 242
120 189
120 299
120 125
120 237
120 171
120 292
120 305
120 37
120 252
120 375
120 177
120 368
120 84
120 223
120 170
120 78
120 280
120 282
34 149
34 382
34 274
34 129
34 89
34 210
34 78
34 146
34 190
34 58
34 205
34 194
34 132
34 53
34 66
34 3
34 110
34 46
34 180
34 369
34 63
34 226
34 39
34 10
34 107
34 54
34 45
34 179
34 300
34 234
34 49
34 225
34 159
34 172
34 32
34 106
34 282
34 295
34 337
34 339
34 352
34 275
34 158
309 328
309 341
309 195
309 12
309 57
309 91
309 121
309 253
309 115
309 19
309 94
309 329
309 192
309 226
309 77
309 311
309 326
309 16
309 46
309 385
309 208
309 10
309 89
309 74
309 251
309 72
309 304
309 371
309 32
309 145
309 224
309 175
309 56
309 364
309 228
309 288
309 292
309 154
309 69
309 99
309 182
309 191
309 142
328 220
328 146
328 169
328 61
328 349
328 65
328 391
328 393
328 153
328 187
328 8
328 251
328 132
328 113
328 377
328 215
328 379
328 298
328 32
328 283
328 26
328 330
328 322
328 143
328 124
328 54
328 182
328 380
328 295
328 369
328 274
328 106
328 36
328 257
328 355
328 119
328 149
328 64
328 98
328 177
328 311
328 275
328 320
37 165
37 207
37 77
37 198
37 338
37 316
37 250
37 14
37 318
37 29
37 65
37 186
37 311
37 245
37 313
37 326
37 317
37 108
37 297
37 178
37 191
37 48
37 290
37 116
37 371
37 171
37 54
37 296
37 16
37 351
37 285
37 166
37 221
37 113
37 236
37 49
37 291
37 333
165 192
165 207
165 372
165 200
165 310
165 48
165 59
165 244
165 246
165 87
165 237
165 184
165 190
165 0
165 232
165 15
165 75
165 304
165 24
165 238
165 77
165 137
165 348
165 116
165 146
165 341
165 292
165 347
165 10
165 93
165 138
165 276
165 136
165 32
165 164
165 96
331 346
331 70
331 315
331 166
331 345
331 324
331 305
331 224
331 175
331 26
331 56
331 340
331 382
331 143
331 184
331 69
331 182
331 14
331 97
331 325
331 276
331 91
331 174
331 149
331 100
331 313
331 243
331 15
331 307
331 311
331 373
331 320
331 295
331 229
331 180
331 1
331 31
331 308
331 46
331 125
346 178
346 348
346 108
346 344
346 187
346 57
346 221
346 354
346 170
346 304
346 121
346 398
346 249
346 66
346 17
346 302
346 45
346 258
346 22
346 63
346 329
346 191
346 114
346 234
346 374
346 134
346 198
346 49
346 0
346 192
346 358
346 81
346 324
346 126
346 362
346 26
346 239
346 318
69 117
69 359
69 159
69 295
69 218
69 341
69 275
69 290
69 19
69 81
69 391
69 204
69 393
69 221
69 26
69 320
69 388
69 203
69 379
69 313
69 14
69 249
69 264
69 4
69 27
69 57
69 121
69 189
69 55
69 246
69 301
69 193
69 358
69 171
69 184
69 118
69 239
69 107
69 245
69 58
69 300
69 302
117 147
117 215
117 142
117 263
117 91
117 133
117 322
117 203
117 260
117 207
117 185
117 198
117 62
117 77
117 242
117 365
117 136
117 86
117 116
117 316
117 129
117 371
117 360
117 294
117 186
117 29
117 311
117 366
117 368
117 8
117 87
117 38
117 102
117 53
117 174
117 295
117 229
117 363
117 341
117 354
117 288
117 222
117 345
27 230
27 164
27 56
27 100
27 355
27 168
27 49
27 238
27 38
27 4
27 214
27 348
27 174
27 29
27 218
27 44
27 99
27 17
27 330
27 11
27 279
27 202
27 323
27 325
27 96
27 395
27 329
27 135
27 194
27 207
27 264
27 66
27 308
27 301
27 314
27 356
27 369
27 316
27 129
27 371
27 292
27 52
118 238
118 91
118 176
118 297
118 178
118 75
118 211
118 171
118 226
118 349
118 101
118 285
118 340
118 153
118 263
118 223
118 199
118 201
118 40
118 256
118 203
118 104
118 205
118 128
118 113
118 196
118 317
118 264
118 319
118 62
118 202
118 378
118 7
118 193
118 237
118 318
118 39
118 360
118 112
118 291
238 248
238 316
238 329
238 122
238 133
238 48
238 225
238 311
238 324
238 106
238 258
238 189
238 249
238 130
238 213
238 308
238 98
238 128
238 246
238 301
238 126
238 290
238 7
238 220
238 171
238 67
238 296
238 31
238 355
238 44
238 344
238 59
238 153
238 104
238 4
238 221
238 102
238 81
238 228
136 292
136 270
136 153
136 26
136 142
136 71
136 333
136 159
136 114
136 260
136 194
136 275
136 319
136 387
136 202
136 323
136 138
136 32
136 305
136 318
136 45
136 307
136 177
136 39
136 190
136 3
136 249
136 183
136 229
136 242
136 176
136 121
136 231
136 178
136 299
136 237
292 196
292 312
292 194
292 145
292 175
292 301
292 369
292 64
292 228
292 222
292 347
292 88
292 33
292 127
292 91
292 40
292 68
292 49
292 262
292 53
292 147
292 387
292 98
292 241
292 391
292 26
292 171
292 116
292 229
292 320
292 252
292 65
292 48
292 368
292 187
292 132
292 374
139 297
139 22
139 101
139 218
139 231
139 354
139 398
139 358
139 125
139 129
139 294
139 40
139 283
139 272
139 19
139 395
139 208
139 223
139 199
139 146
139 159
139 111
139 339
139 39
139 253
139 84
139 189
139 257
139 246
139 380
139 8
139 237
139 305
139 110
139 252
139 0
139 181
139 128
139 370
139 9
139 24
139 348
139 126
139 88
297 344
297 333
297 105
297 256
297 290
297 18
297 67
297 191
297 195
297 278
297 378
297 174
297 234
297 257
297 314
297 100
297 395
297 329
297 128
297 264
297 275
297 324
297 58
297 56
297 7
297 250
297 218
297 306
297 363
297 310
297 178
297 129
297 312
297 261
297 29
297 74
297 301
297 221
297 102
297 53
297 347
297 215
297 200
297 194
297 96
143 187
143 229
143 137
143 354
143 169
143 226
143 336
143 129
143 283
143 29
143 4
143 138
143 210
143 278
143 17
143 326
143 152
143 15
143 262
143 275
143 124
143 105
143 82
143 63
143 314
143 371
143 1
143 31
143 239
143 179
143 49
143 181
143 302
143 170
143 128
143 251
187 272
187 274
187 395
187 126
187 186
187 33
187 203
187 324
187 31
187 46
187 196
187 253
187 374
187 387
187 200
187 68
187 32
187 175
187 318
187 320
187 379
187 99
187 182
187 44
187 97
187 359
187 29
187 161
187 140
187 341
187 55
187 85
187 66
187 149
187 130
187 11
187 294
187 15
187 98
55 358
55 171
55 184
55 131
55 241
55 3
55 33
55 100
55 102
55 159
55 46
55 348
55 216
55 97
55 218
55 110
55 103
55 47
55 9
55 395
55 5
55 16
55 333
55 379
55 192
55 326
55 4
55 130
55 251
55 372
55 64
55 77
55 119
55 310
55 323
55 178
201 1
201 61
201 257
201 0
201 380
201 72
201 318
201 81
201 111
201 13
201 307
201 194
201 362
201 175
201 71
201 300
201 302
201 99
201 225
201 182
201 14
201 229
201 231
201 365
201 220
201 354
201 38
201 277
201 168
201 215
201 11
201 64
201 15
201 147
201 274
201 276
201 24
201 265
201 214
201 52
201 337
201 326
22 126
22 260
22 207
22 308
22 121
22 310
22 244
22 356
22 250
22 184
22 239
22 175
22 351
22 243
22 56
22 300
22 234
22 181
22 49
22 170
22 15
22 53
22 337
22 108
22 352
22 88
22 103
22 224
22 79
22 347
22 39
22 12
22 325
22 259
22 272
22 340
22 87
22 263
22 67
22 190
22 205
126 3
126 82
126 264
126 86
126 319
126 31
126 65
126 191
126 89
126 40
126 127
126 74
126 104
126 371
126 263
126 305
126 49
126 300
126 111
126 170
126 185
126 161
126 341
126 277
126 294
126 149
126 91
126 6
126 36
126 329
126 45
126 79
126 109
126 258
126 88
126 152
113 59
113 138
113 153
113 142
113 199
113 6
113 388
113 322
113 379
113 94
113 45
113 313
113 326
113 79
113 315
113 319
113 119
113 240
113 374
113 134
113 257
113 191
113 246
113 193
113 1
113 46
113 116
113 296
113 232
113 245
113 166
113 111
113 26
113 152
113 5
113 39
113 398
113 279
113 44
159 84
159 14
159 214
159 59
159 194
159 106
159 85
159 100
159 244
159 204
159 259
159 380
159 248
159 154
159 182
159 316
159 184
159 375
159 3
159 82
159 364
159 353
159 89
159 40
159 21
159 242
159 19
159 356
159 169
159 211
159 224
159 226
159 228
159 391
159 272
159 71
159 105
168 195
168 23
168 241
168 38
168 110
168 256
168 179
168 368
168 119
168 183
168 64
168 94
168 79
168 109
168 308
168 229
168 176
168 52
168 116
168 146
168 347
168 272
168 232
168 208
168 74
168 104
168 344
168 265
168 333
168 132
168 390
168 203
168 337
168 9
168 211
168 253
168 323
168 257
168 378
168 270
168 191
145 154
145 169
145 107
145 345
145 26
145 7
145 105
145 16
145 129
145 108
145 333
145 322
145 203
145 8
145 72
145 260
145 372
145 100
145 253
145 11
145 24
145 54
145 82
145 173
145 97
145 116
145 377
145 298
145 232
145 313
145 46
145 181
145 21
145 74
145 49
48 300
48 355
48 302
48 236
48 280
48 43
48 24
48 288
48 88
48 213
48 147
48 215
48 21
48 261
48 274
48 74
48 208
48 13
48 249
48 262
48 317
48 374
48 79
48 323
48 299
48 246
48 259
48 301
48 358
48 63
48 23
48 239
48 360
48 173
48 188
48 230
48 366
300 112
300 244
300 344
300 234
300 6
300 85
300 17
300 45
300 79
300 109
300 256
300 24
300 290
300 58
300 33
300 338
300 248
300 314
300 293
300 31
300 74
300 138
300 19
300 49
300 270
300 47
300 249
300 96
300 228
300 352
300 358
300 182
300 133
300 305
300 216
122 249
122 370
122 293
122 306
122 244
122 0
122 94
122 173
122 73
122 215
122 349
122 162
122 283
122 7
122 153
122 276
122 278
122 80
122 31
122 65
122 282
122 381
122 4
122 317
122 385
122 211
122 374
122 376
122 111
122 96
122 195
122 316
122 186
122 39
122 99
122 375
122 188
122 366
122 63
122 78
249 305
249 285
249 65
249 140
249 204
249 344
249 104
249 149
249 53
249 111
249 62
249 220
249 279
249 323
249 391
249 39
249 314
249 114
249 44
249 212
249 59
249 256
249 106
249 240
249 311
249 313
249 302
249 315
249 359
249 11
249 158
249 173
249 365
249 24
249 54
249 77
249 137
341 376
341 239
341 190
341 254
341 333
341 5
341 356
341 103
341 127
341 131
341 112
341 325
341 91
341 304
341 121
341 11
341 94
341 258
341 352
341 256
341 73
341 207
341 398
341 345
341 347
341 314
341 33
341 391
341 280
341 274
341 234
341 390
341 198
341 202
341 0
341 315
341 166
341 264
341 374
1 188
1 258
1 18
1 260
1 7
1 62
1 264
1 240
1 0
1 200
1 363
1 125
1 314
1 356
1 182
1 237
1 56
1 177
1 98
1 355
1 181
1 359
1 214
1 161
1 231
1 352
1 222
1 213
1 334
1 149
1 270
1 96
1 17
1 272
1 382
1 87
1 8
1 78
188 12
188 242
188 40
188 174
188 70
188 115
188 179
188 19
188 294
188 296
188 230
188 351
188 32
188 62
188 393
188 171
188 135
188 114
188 207
188 104
188 196
188 4
188 198
188 200
188 378
188 246
188 369
188 261
188 382
188 263
188 252
188 152
188 103
188 192
188 186
188 167
188 63
188 67
188 370
188 251
6 305
6 285
6 56
6 353
6 166
6 47
6 344
6 278
6 38
6 93
6 40
6 161
6 110
6 222
6 347
6 94
6 15
6 261
6 276
6 318
6 89
6 131
6 333
6 12
6 375
6 14
6 256
6 326
6 73
6 7
6 262
6 304
6 251
6 385
6 308
6 134
6 68
6 365
6 378
6 312
6 314
18 128
18 110
18 191
18 314
18 347
18 360
18 362
18 296
18 43
18 177
18 340
18 232
18 234
18 102
18 344
18 172
18 293
18 5
18 229
18 84
18 207
18 88
18 222
18 385
18 224
18 202
18 85
18 153
18 395
18 316
18 329
18 318
18 0
18 320
18 333
18 133
18 254
18 82
18 381
18 181
128 63
128 178
128 191
128 138
128 237
128 250
128 114
128 190
128 353
128 368
128 236
128 370
128 348
128 13
128 352
128 167
128 277
128 279
128 228
128 97
128 127
128 208
128 106
128 263
128 199
128 85
128 115
128 256
128 100
128 324
128 15
128 207
128 109
128 185
105 282
105 158
105 147
105 24
105 99
105 204
105 272
105 82
105 263
105 322
105 377
105 190
105 205
105 183
105 196
105 317
105 94
105 185
105 321
105 134
105 189
105 246
105 367
105 56
105 369
105 195
105 360
105 252
105 20
105 65
105 230
105 177
105 166
105 78
105 93
105 74
105 170
105 359
105 8
282 229
282 293
282 99
282 337
282 231
282 272
282 345
282 57
282 121
282 36
282 66
282 200
282 395
282 194
282 316
282 64
282 94
282 373
282 152
282 182
282 381
282 3
282 67
282 304
282 306
282 214
282 308
282 65
282 93
282 153
282 358
282 305
282 162
282 241
282 9
282 364
282 226
282 340
359 20
359 295
359 167
359 108
359 57
359 259
359 110
359 253
359 234
359 36
359 369
359 130
359 177
359 241
359 245
359 226
359 254
359 348
359 86
359 169
359 248
359 229
359 263
359 129
359 70
359 336
359 134
359 398
359 19
359 53
359 13
359 258
359 352
359 184
359 5
243 246
243 301
243 195
243 38
243 115
243 349
243 283
243 353
243 94
243 109
243 181
243 192
243 339
243 67
243 169
243 180
243 262
243 80
243 264
243 385
243 277
243 398
243 334
243 89
243 138
243 68
243 316
243 371
243 373
243 320
243 111
243 364
243 26
243 311
243 228
243 315
243 167
243 63
243 97
243 210
246 45
246 158
246 109
246 222
246 207
246 354
246 80
246 360
246 296
246 40
246 353
246 355
246 333
246 324
246 175
246 275
246 264
246 154
246 319
246 44
246 248
246 369
246 261
246 23
246 236
246 4
246 371
246 263
246 225
246 318
246 174
246 115
246 298
246 17
246 311
246 379
91 65
91 175
91 296
91 298
91 23
91 355
91 368
91 291
91 172
91 47
91 81
91 339
91 110
91 354
91 290
91 338
91 272
91 261
91 263
91 210
91 46
91 264
91 385
91 319
91 323
91 365
91 52
91 82
91 180
91 5
91 371
57 241
57 164
57 179
57 170
57 93
57 295
57 220
57 354
57 81
57 149
57 270
57 140
57 87
57 208
57 142
57 276
57 56
57 146
57 390
57 311
57 124
57 194
57 315
57 262
57 134
57 365
57 378
57 112
57 125
57 114
57 61
57 36
57 63
57 184
57 239
57 186
241 38
241 334
241 110
241 189
241 174
241 391
241 115
241 66
241 312
241 259
241 369
241 79
241 73
241 24
241 54
241 377
241 107
241 89
241 223
241 244
241 354
241 153
241 104
241 185
241 294
241 196
241 283
241 340
241 194
241 154
241 16
241 186
241 167
241 231
241 29
241 131
241 330
43 77
43 191
43 125
43 59
43 180
43 301
43 316
43 15
43 360
43 252
43 307
43 230
43 298
43 111
43 353
43 245
43 58
43 302
43 291
43 110
43 44
43 275
43 46
43 101
43 169
43 290
43 224
43 19
43 94
43 336
43 338
43 382
43 26
43 333
43 133
43 146
43 67
43 390
43 71
43 14
43 317
77 73
77 58
77 200
77 310
77 365
77 184
77 305
77 373
77 364
77 353
77 179
77 47
77 370
77 170
77 62
77 106
77 299
77 220
77 275
77 211
77 171
77 213
77 226
77 149
77 338
77 140
77 263
77 93
77 0
77 216
77 137
77 45
77 192
77 315
77 86
370 152
370 167
370 395
370 329
370 67
370 131
370 363
370 12
370 65
370 125
370 338
370 134
370 119
370 285
370 364
370 315
370 378
370 137
370 358
370 96
370 367
370 318
370 129
370 242
370 59
370 172
370 344
370 72
370 132
370 15
370 79
370 391
370 339
87 349
87 109
87 353
87 68
87 166
87 221
87 234
87 355
87 53
87 108
87 354
87 167
87 224
87 147
87 393
87 23
87 140
87 274
87 375
87 258
87 192
87 205
87 326
87 315
87 385
87 119
87 240
87 200
87 176
87 301
87 314
87 12
87 169
87 182
87 237
87 250
87 305
349 298
349 200
349 302
349 322
349 290
349 152
349 84
349 265
349 3
349 67
349 161
349 31
349 274
349 374
349 338
349 376
349 40
349 306
349 369
349 0
349 362
349 181
349 9
349 146
349 229
349 312
349 65
349 178
349 291
20 172
20 7
20 295
20 108
20 231
20 152
20 207
20 275
20 330
20 101
20 398
20 103
20 24
20 213
20 334
20 380
20 78
20 15
20 124
20 368
20 304
20 130
20 319
20 132
20 253
20 53
20 134
20 189
20 70
20 354
20 193
20 182
20 373
20 52
20 107
20 162
20 109
20 364
20 298
20 100
20 234
20 102
161 298
161 245
161 234
161 181
161 304
161 97
161 78
161 293
161 185
161 306
161 176
161 106
161 352
161 121
161 354
161 167
161 100
161 162
161 230
161 340
161 395
161 221
161 88
161 3
161 67
161 80
161 385
161 319
161 211
161 104
161 134
161 49
161 132
161 325
161 248
161 111
161 62
161 305
161 56
161 186
161 364
298 358
298 64
298 94
298 288
298 147
298 162
298 290
298 250
298 3
298 274
298 178
298 89
298 257
298 138
298 262
298 251
298 72
298 53
298 388
298 166
298 181
298 368
298 385
298 124
298 319
298 152
298 182
298 84
298 299
298 291
298 108
298 242
276 285
276 340
276 212
276 236
276 68
276 185
276 337
276 339
276 56
276 173
276 207
276 39
276 99
276 325
276 316
276 176
276 259
276 189
276 140
276 377
276 193
276 324
276 204
276 317
276 147
276 109
276 310
276 245
276 107
276 88
276 367
276 171
276 250
276 288
276 254
276 146
276 80
276 31
276 125
285 138
285 270
285 185
285 224
285 322
285 228
285 377
285 184
285 207
285 315
285 103
285 306
285 3
285 374
285 308
285 280
285 378
285 176
285 380
285 70
285 360
285 134
285 179
285 94
285 364
285 79
285 260
285 9
285 26
285 254
285 65
285 290
285 208
285 387
285 78
285 212
240 362
240 24
240 351
240 84
240 278
240 280
240 195
240 176
240 10
240 234
240 179
240 49
240 94
240 387
240 334
240 177
240 192
240 395
240 263
240 135
240 320
240 5
240 14
240 260
240 78
240 236
240 374
240 72
240 185
240 196
240 200
240 312
240 81
240 288
240 109
240 124
240 203
362 304
362 334
362 115
362 119
362 100
362 364
362 64
362 307
362 147
362 177
362 54
362 101
362 82
362 348
362 169
362 180
362 114
362 125
362 257
362 104
362 68
362 19
362 102
362 315
362 132
362 345
362 230
362 294
362 111
362 239
362 154
362 385
362 152
362 261
362 340
362 212
362 291
362 378
362 195
59 179
59 115
59 225
59 106
59 54
59 108
59 229
59 84
59 207
59 398
59 79
59 257
59 85
59 382
59 395
59 208
59 373
59 80
59 9
59 13
59 366
59 205
59 381
59 194
59 130
59 372
59 385
59 198
59 66
59 308
59 68
59 244
59 226
59 296
36 129
36 184
36 52
36 109
36 351
36 366
36 38
36 11
36 330
36 211
36 79
36 334
36 347
36 39
36 202
36 323
36 215
36 204
36 12
36 153
36 195
36 142
36 78
36 146
36 67
36 324
36 258
36 313
36 260
36 73
36 194
36 119
36 132
36 53
36 310
36 244
36 378
196 137
196 213
196 171
196 101
196 116
196 80
196 263
196 114
196 322
196 172
196 216
196 258
196 260
196 330
196 251
196 200
196 7
196 378
196 259
196 184
196 250
196 239
196 108
196 364
196 232
196 195
196 355
196 121
196 293
196 363
196 352
196 109
196 222
196 181
196 192
196 73
3 315
3 7
3 75
3 130
3 295
3 66
3 378
3 191
3 180
3 356
3 248
3 239
3 162
3 109
3 56
3 98
3 340
3 232
3 234
3 170
3 38
3 29
3 33
3 398
3 338
3 193
3 129
3 250
3 210
3 10
3 252
3 186
3 12
3 82
3 71
344 231
344 108
344 368
344 93
344 325
344 221
344 348
344 115
344 200
344 279
344 81
344 277
344 45
344 203
344 103
344 265
344 33
344 210
344 106
344 338
344 174
344 253
344 234
344 381
344 336
344 198
344 179
344 262
344 213
344 260
344 378
344 62
344 220
344 254
344 373
344 199
154 295
154 96
154 26
154 218
154 231
154 167
154 222
154 334
154 44
154 29
154 270
154 338
154 272
154 265
154 333
154 66
154 379
154 64
154 339
154 315
154 319
154 387
154 88
154 310
154 33
154 367
154 314
154 248
154 125
154 373
154 21
154 232
154 234
154 225
154 62
295 184
295 302
295 304
295 103
295 374
295 63
295 280
295 244
295 225
295 130
295 202
295 340
295 353
295 211
295 88
295 171
295 67
295 146
295 218
295 80
295 263
295 65
295 278
295 178
295 208
295 172
295 153
295 391
295 23
295 4
295 164
295 224
295 379
85 195
85 19
85 0
85 109
85 232
85 108
85 110
85 167
85 78
85 277
85 103
85 38
85 215
85 204
85 274
85 395
85 278
85 320
85 135
85 24
85 379
85 262
85 130
85 12
85 376
85 65
85 46
85 191
85 312
85 367
85 40
85 21
85 114
195 100
195 130
195 258
195 379
195 302
195 98
195 79
195 32
195 26
195 244
195 354
195 290
195 279
195 138
195 221
195 102
195 166
195 17
195 348
195 324
195 326
195 184
195 73
195 58
195 334
195 84
195 33
195 325
195 67
195 61
195 371
195 263
24 185
24 9
24 308
24 321
24 363
24 310
24 110
24 369
24 182
24 16
24 347
24 360
24 14
24 296
24 109
24 230
24 351
24 104
24 348
24 216
24 84
24 152
24 99
24 33
24 279
24 257
24 272
24 322
24 135
24 203
24 315
185 294
185 107
185 182
185 395
185 131
185 31
185 129
185 70
185 93
185 153
185 49
185 0
185 317
185 319
185 47
185 9
185 200
185 62
185 193
185 71
185 135
185 248
185 318
185 199
185 320
185 192
185 315
185 244
185 354
185 288
98 134
98 365
98 257
98 53
98 127
98 382
98 116
98 237
98 371
98 184
98 173
98 15
98 377
98 366
98 368
98 304
98 119
98 78
98 61
98 354
98 169
98 345
98 149
98 270
98 19
98 79
98 153
98 9
98 88
98 71
98 203
98 137
98 326
98 65
98 89
98 93
134 208
134 9
134 54
134 88
134 199
134 388
134 7
134 135
134 258
134 61
134 114
134 385
134 253
134 49
134 72
134 180
134 356
134 369
134 237
134 371
134 171
134 32
134 373
134 294
134 368
134 280
134 29
134 277
134 290
134 211
134 224
134 158
134 149
134 272
277 365
277 32
277 175
277 184
277 5
277 248
277 182
277 44
277 178
277 231
277 212
277 29
277 23
277 170
277 121
277 337
277 179
277 194
277 279
277 321
277 192
277 207
277 52
277 216
277 146
277 244
277 65
277 89
277 326
277 381
277 257
277 153
277 49
277 102
277 211
365 94
365 207
365 152
365 52
365 280
365 278
365 46
365 189
365 193
365 104
365 119
365 68
365 213
365 102
365 132
365 330
365 47
365 181
365 226
365 358
365 220
365 133
365 84
365 14
365 44
365 261
365 369
365 38
365 17
365 302
365 368
82 260
82 61
82 130
82 10
82 70
82 321
82 121
82 74
82 68
82 129
82 171
82 7
82 245
82 366
82 221
82 234
82 102
82 223
82 14
82 337
82 110
82 288
82 226
82 215
82 336
82 204
82 272
82 261
82 333
82 58
82 146
82 137
82 258
82 313
101 130
101 251
101 253
101 321
101 5
101 121
101 242
101 380
101 193
101 78
101 23
101 373
101 375
101 232
101 166
101 304
101 225
101 293
101 348
101 339
101 211
101 67
101 228
101 270
101 283
101 221
101 74
101 333
101 72
101 214
101 190
101 337
101 205
101 326
73 33
73 363
73 125
73 301
73 248
73 316
73 40
73 239
73 364
73 366
73 355
73 26
73 216
73 108
73 97
73 167
73 211
73 213
73 149
73 38
73 259
73 274
73 74
73 89
73 131
73 78
73 390
73 192
73 317
152 16
152 229
152 39
152 180
152 301
152 224
152 4
152 173
152 329
152 221
152 388
152 79
152 58
152 260
152 381
152 52
152 251
152 198
152 253
152 200
152 189
152 310
152 204
152 382
152 74
152 175
152 9
152 232
152 234
179 316
179 186
179 355
179 368
179 0
179 45
179 291
179 158
179 293
179 348
179 218
179 7
179 67
179 356
179 80
179 336
179 129
179 351
179 93
179 172
179 104
179 395
179 221
179 212
179 280
179 322
179 13
179 205
179 326
179 330
179 173
179 191
179 367
353 360
353 8
353 323
353 347
353 64
353 228
353 311
353 167
353 299
353 210
353 189
353 174
353 253
353 74
353 317
353 198
353 202
353 390
353 147
353 181
353 211
353 264
353 294
353 32
353 62
353 56
353 220
353 352
353 254
353 199
353 99
353 84
353 14
353 231
360 170
360 304
360 115
360 66
360 367
360 313
360 164
360 228
360 79
360 137
360 88
360 33
360 180
360 214
360 225
360 259
360 338
360 129
360 198
360 138
360 183
360 262
360 213
360 330
360 393
360 175
360 318
360 248
360 178
360 325
360 372
360 385
360 8
360 387
260 63
260 334
260 214
260 114
260 208
260 236
260 322
260 132
260 379
260 313
260 111
260 245
260 194
260 96
260 254
260 71
260 203
260 5
260 252
260 369
260 182
260 44
260 131
260 142
260 121
260 278
260 228
260 326
260 264
94 299
94 380
94 47
94 171
94 351
94 221
94 102
94 84
94 29
94 106
94 290
94 211
94 103
94 345
94 334
94 347
94 202
94 204
94 138
94 340
94 263
94 278
94 33
94 130
94 319
94 119
94 374
94 68
352 288
352 237
352 39
352 108
352 176
352 189
352 204
352 234
352 119
352 313
352 45
352 326
352 162
352 290
352 107
352 387
352 363
352 250
352 248
352 180
352 293
352 125
352 70
352 242
352 317
352 366
352 72
352 330
352 47
352 164
66 109
66 232
66 221
66 236
66 172
66 40
66 21
66 339
66 330
66 224
66 47
66 158
66 200
66 32
66 56
66 138
66 274
66 29
66 190
66 203
66 324
66 124
66 379
66 23
66 183
66 242
66 189
66 244
66 257
66 15
66 367
66 248
38 89
38 212
38 220
38 334
38 336
38 391
38 338
38 138
38 193
38 274
38 395
38 142
38 318
38 252
38 12
38 377
38 311
38 302
38 62
38 317
38 308
38 176
38 110
38 169
38 237
38 52
184 17
184 162
184 283
184 329
184 135
184 116
184 263
184 388
184 93
184 104
184 262
184 68
184 49
184 319
184 308
184 321
184 378
184 193
184 314
184 366
184 302
184 23
184 176
184 106
184 140
170 375
170 175
170 23
170 4
170 110
170 291
170 17
170 348
170 11
170 231
170 356
170 162
170 224
170 137
170 88
170 116
170 67
170 223
170 212
170 40
170 70
170 0
170 53
170 317
170 372
170 387
170 62
170 26
170 191
170 301
304 84
304 186
304 265
304 63
304 127
304 366
304 119
304 296
304 275
304 226
304 250
304 393
304 146
304 263
304 318
304 114
304 373
304 375
304 242
304 381
304 306
304 321
304 11
304 96
304 205
304 258
304 314
288 124
288 347
288 182
288 133
288 351
288 340
288 395
288 191
288 274
288 291
288 339
288 45
288 385
288 398
288 158
288 319
288 211
288 162
288 9
288 336
288 378
288 312
288 380
288 31
288 65
288 46
288 89
288 324
288 93
288 72
288 53
288 363
288 111
147 376
147 378
147 391
147 204
147 111
147 314
147 56
147 318
147 71
147 186
147 254
147 234
147 180
147 11
147 224
147 358
147 279
147 213
147 336
147 54
147 393
147 208
147 221
147 265
147 388
147 31
147 61
147 12
147 21
147 104
147 198
147 200
376 311
376 322
376 192
376 256
376 54
376 137
376 190
376 33
376 199
376 229
376 31
376 61
376 193
376 40
376 391
376 272
376 380
376 315
376 345
376 296
376 166
376 379
376 337
376 237
376 99
376 182
376 316
376 133
376 291
376 325
376 225
376 176
376 189
376 253
376 11
279 345
279 62
279 224
279 96
279 205
279 340
279 203
279 248
279 333
279 280
279 97
279 112
279 189
279 385
279 213
279 45
279 88
279 307
279 190
279 311
279 86
279 116
279 379
279 61
279 114
279 372
279 129
279 21
279 272
279 308
279 104
279 102
279 356
12 326
12 381
12 183
12 75
12 64
12 68
12 244
12 312
12 367
12 46
12 301
12 226
12 239
12 54
12 296
12 230
12 177
12 166
12 278
12 293
12 214
12 40
12 29
12 86
12 264
12 26
12 382
12 129
12 23
12 320
86 137
86 56
86 326
86 317
86 385
86 200
86 242
86 310
86 312
86 301
86 182
86 129
86 371
86 186
86 254
86 375
86 230
86 302
86 236
86 280
86 293
86 108
86 363
86 33
86 231
86 299
86 220
86 112
86 347
86 40
86 338
86 199
86 135
137 330
137 251
137 114
137 46
137 189
137 310
137 323
137 10
137 259
137 0
137 53
137 47
137 177
137 62
137 166
137 368
137 223
137 236
137 84
137 339
137 14
137 398
137 23
137 4
137 215
137 336
137 164
137 140
137 11
137 45
137 146
137 322
137 256
137 33
17 116
17 54
17 351
17 56
17 177
17 340
17 7
17 236
17 291
17 280
17 348
17 218
17 31
17 81
17 202
17 149
17 138
17 259
17 380
17 314
17 19
17 261
17 129
17 78
17 258
17 379
17 64
17 253
17 374
17 53
17 244
17 112
223 371
223 172
223 388
223 302
223 115
223 100
223 175
223 301
223 347
223 228
223 110
223 189
223 193
223 10
223 204
223 278
223 333
223 390
223 72
223 53
223 132
223 275
223 32
223 385
223 220
223 321
223 312
223 325
223 393
223 314
371 119
371 311
371 158
371 181
371 256
371 290
371 314
371 116
371 248
371 31
371 278
371 89
371 242
371 272
371 351
371 68
371 315
371 81
371 205
371 26
371 56
371 356
371 133
371 84
371 14
371 29
371 372
371 110
371 334
130 180
130 182
130 316
130 250
130 305
130 307
130 61
130 232
130 10
130 302
130 225
130 229
130 111
130 169
130 224
130 347
130 202
130 39
130 340
130 261
130 274
130 14
130 44
130 97
130 133
130 110
130 310
130 299
130 191
180 324
180 15
180 45
180 194
180 54
180 198
180 200
180 63
180 257
180 301
180 61
180 239
180 104
180 132
180 368
180 166
180 47
180 183
180 81
180 293
180 26
180 213
180 78
180 270
180 131
180 142
180 393
180 210
180 278
180 199
180 280
89 142
89 199
89 133
89 68
89 207
89 262
89 306
89 198
89 119
89 323
89 244
89 239
89 23
89 102
89 337
89 110
89 99
89 220
89 9
89 211
89 33
89 347
89 283
89 16
89 140
89 65
89 274
142 19
142 291
142 183
142 174
142 111
142 339
142 7
142 345
142 84
142 340
142 108
142 274
142 4
142 199
142 11
142 45
142 251
142 253
142 310
142 202
142 323
142 88
142 367
142 314
142 382
142 67
142 61
142 254
142 46
183 191
183 133
183 259
183 314
183 261
183 127
183 140
183 190
183 10
183 174
183 379
183 104
183 53
183 229
183 242
183 62
183 7
183 301
183 345
183 215
183 336
183 114
183 351
183 108
183 329
183 172
183 210
183 102
183 166
183 75
183 124
183 334
183 202
191 245
191 398
191 46
191 178
191 347
191 10
191 153
191 338
191 351
191 4
191 68
191 102
191 263
191 210
191 265
191 390
191 317
191 244
191 131
191 369
191 316
191 189
191 305
191 21
191 115
191 307
191 119
21 129
21 263
21 19
21 192
21 368
21 381
21 53
21 310
21 354
21 301
21 114
21 14
21 237
21 358
21 226
21 52
21 296
21 32
21 153
21 102
21 278
21 291
21 212
21 93
21 106
21 31
21 99
21 262
21 198
21 79
21 149
21 72
21 261
21 74
129 265
129 324
129 337
129 315
129 330
129 107
129 88
129 321
129 189
129 367
129 193
129 182
129 93
129 186
129 254
129 364
129 225
129 306
129 26
129 56
129 174
129 45
129 162
129 395
311 189
311 10
311 306
311 202
311 351
311 158
311 47
311 250
311 71
311 146
311 99
311 14
311 44
311 398
311 387
311 340
311 302
311 194
311 205
311 333
311 322
311 379
311 237
311 88
311 372
311 216
56 222
56 213
56 336
56 382
56 131
56 199
56 146
56 80
56 135
56 52
56 33
56 313
56 200
56 314
56 250
56 307
56 13
56 111
56 355
56 302
56 291
56 225
56 106
56 339
61 135
61 84
61 381
61 62
61 64
61 132
61 363
61 244
61 178
61 299
61 237
61 46
61 307
61 296
61 221
61 234
61 102
61 339
61 231
61 44
61 323
61 96
61 338
61 23
61 261
61 382
61 395
61 329
61 252
61 254
61 388
306 382
306 133
306 167
306 63
306 146
306 293
306 31
306 274
306 313
306 278
306 321
306 232
306 49
306 262
306 132
306 47
306 162
306 316
306 62
306 13
306 107
306 190
306 220
306 84
306 14
306 78
306 212
306 348
306 23
306 215
306 224
306 203
79 257
79 193
79 26
79 250
79 373
79 173
79 107
79 175
79 111
79 115
79 275
79 75
79 345
79 325
79 138
79 340
79 140
79 261
79 382
79 80
79 308
65 256
65 190
65 194
65 374
65 323
65 70
65 52
65 138
65 250
65 305
65 239
65 107
65 296
65 364
65 32
65 363
65 97
65 231
65 398
65 391
65 162
65 96
65 33
65 395
65 208
65 210
65 265
63 194
63 310
63 125
63 127
63 248
63 296
63 234
63 278
63 212
63 93
63 218
63 32
63 13
63 264
63 81
63 323
63 204
63 314
63 395
63 318
63 78
63 377
63 192
63 313
248 390
248 100
248 262
248 275
248 54
248 325
248 116
248 380
248 169
248 229
248 382
248 208
248 10
248 40
248 388
248 364
248 111
248 245
248 308
248 228
248 301
248 222
248 356
248 110
248 140
257 261
257 320
257 220
257 326
257 254
257 135
257 252
257 114
257 125
257 374
257 138
257 47
257 62
257 26
257 207
257 103
257 84
257 337
257 216
257 339
257 131
257 385
257 345
257 321
257 253
257 393
261 355
261 0
261 291
261 53
261 132
261 9
261 226
261 190
261 7
261 264
261 252
261 323
261 325
261 172
261 316
261 263
261 106
261 320
261 375
261 322
261 390
261 372
261 203
261 167
261 80
261 259
261 140
114 212
114 15
114 326
114 54
114 264
114 319
114 321
114 127
114 316
114 237
114 173
114 104
114 375
114 364
114 366
114 47
114 119
114 220
114 354
114 169
114 213
114 97
114 272
114 329
114 210
212 44
212 178
212 102
212 275
212 330
212 81
212 203
212 5
212 272
212 39
212 84
212 78
212 245
212 110
212 189
212 302
212 317
212 49
212 363
212 64
212 158
212 299
212 367
212 369
212 88
212 294
212 228
382 317
382 53
382 296
382 385
382 32
382 245
382 387
382 339
382 220
382 171
382 250
382 80
382 272
382 172
382 355
382 319
382 102
382 215
382 368
382 228
382 45
382 88
382 182
382 133
382 354
382 391
382 280
382 189
382 388
171 194
171 275
171 387
171 380
171 54
171 250
171 307
171 131
171 245
171 234
171 181
171 40
171 119
171 53
171 107
171 71
171 294
171 265
171 93
171 390
171 8
171 102
171 121
194 52
194 33
194 345
194 226
194 296
194 230
194 178
194 274
194 104
194 221
194 0
194 225
194 390
194 175
194 398
194 211
194 310
194 270
194 127
194 250
194 305
194 318
194 366
194 107
80 46
80 379
80 262
80 74
80 251
80 198
80 319
80 253
80 321
80 299
80 138
80 127
80 26
80 71
80 239
80 131
80 307
80 232
80 14
80 368
80 181
80 23
80 348
80 8
80 229
80 99
80 169
80 345
80 336
80 393
80 52
80 388
19 325
19 393
19 72
19 0
19 208
19 133
19 190
19 124
19 258
19 5
19 16
19 372
19 64
19 198
19 319
19 132
19 321
19 121
19 356
19 239
19 39
19 11
19 32
19 221
19 115
19 280
19 293
19 97
19 207
325 49
325 9
325 294
325 305
325 348
325 96
325 135
325 252
325 387
325 14
325 29
325 391
325 138
325 340
325 319
325 329
325 166
325 333
325 283
325 256
325 385
325 216
325 33
325 244
325 317
0 393
0 256
0 124
0 245
0 368
0 302
0 363
0 189
0 44
0 345
0 39
0 230
0 351
0 164
0 274
0 166
0 146
0 97
0 33
0 264
0 398
0 11
0 26
0 149
32 323
32 340
32 318
32 199
32 333
32 135
32 256
32 377
32 324
32 262
32 68
32 189
32 70
32 312
32 125
32 301
32 252
32 15
32 52
32 232
32 13
32 166
32 355
32 293
32 110
32 231
32 46
7 207
7 149
7 316
7 208
7 210
7 10
7 199
7 192
7 62
7 317
7 251
7 319
7 119
7 5
7 308
7 176
7 44
7 167
7 369
7 305
7 173
7 351
7 364
7 229
7 218
207 374
207 310
207 367
207 68
207 230
207 132
207 340
207 280
207 348
207 220
207 275
207 398
207 127
207 67
207 336
207 378
207 31
207 259
207 380
207 272
207 70
207 149
207 364
207 377
207 324
174 373
174 320
174 97
174 112
174 315
174 115
174 100
174 49
174 367
174 351
174 265
174 337
174 104
174 4
174 275
174 72
174 198
174 319
174 213
174 81
174 111
174 189
174 310
174 204
174 75
174 193
174 182
174 316
75 378
75 127
75 182
75 250
75 305
75 307
75 296
75 351
75 70
75 221
75 68
75 53
75 106
75 345
75 158
75 81
75 44
75 380
75 208
75 23
75 252
75 133
75 375
75 146
75 256
75 203
75 379
75 326
75 181
75 251
75 372
75 319
75 321
75 363
378 109
378 162
378 192
378 58
378 387
378 220
378 254
378 312
378 40
378 272
378 351
378 72
378 132
378 215
378 264
378 81
378 164
378 356
378 203
378 237
378 133
378 167
378 355
378 393
378 232
9 81
9 70
9 259
9 393
9 314
9 318
9 10
9 373
9 364
9 366
9 368
9 293
9 189
9 290
9 103
9 296
9 96
9 40
9 337
9 88
9 398
88 317
88 198
88 78
88 307
88 107
88 296
88 172
88 106
88 99
88 220
88 354
88 167
88 334
88 329
88 40
88 74
88 254
88 322
88 390
88 203
88 324
88 262
317 216
317 135
317 381
317 93
317 104
317 102
317 363
317 275
317 305
317 26
317 254
317 203
317 39
317 355
317 176
317 106
317 228
317 258
317 237
46 320
46 190
46 326
46 368
46 372
46 64
46 53
46 112
46 52
46 102
46 115
46 104
46 216
46 222
46 224
46 81
46 336
46 149
46 380
46 252
320 372
320 193
320 253
320 93
320 104
320 232
320 213
320 72
320 47
320 13
320 226
320 96
320 135
320 5
320 316
320 178
320 291
320 242
320 339
320 106
320 330
320 121
320 230
320 224
320 393
320 265
320 31
320 244
320 176
336 132
336 326
336 264
336 111
336 226
336 375
336 390
336 368
336 124
336 14
336 291
336 242
336 112
336 356
336 189
336 323
336 334
336 302
336 11
336 15
336 258
336 158
336 256
336 337
336 398
336 193
336 104
336 393
10 258
10 264
10 13
10 70
10 301
10 314
10 290
10 109
10 232
10 225
10 293
10 348
10 216
10 337
10 218
10 44
10 167
10 200
10 380
49 272
49 44
49 153
49 74
49 256
49 377
49 181
49 253
49 312
49 367
49 167
49 290
49 250
49 40
49 232
49 166
49 234
49 102
49 291
49 225
49 293
49 213
49 81
49 323
49 215
49 149
263 280
263 93
263 74
263 68
263 202
263 330
263 13
263 226
263 205
263 393
263 103
263 84
263 14
263 307
263 375
263 231
263 215
263 228
263 356
263 290
263 347
263 296
263 135
263 274
218 339
218 16
218 99
218 275
218 222
218 103
218 387
218 108
218 8
218 121
218 166
218 316
218 200
218 100
218 11
218 158
218 245
218 366
218 315
218 52
218 33
218 214
218 299
218 125
218 369
218 70
218 198
218 53
218 132
218 181
218 26
199 390
199 216
199 193
199 339
199 262
199 47
199 270
199 175
199 305
199 373
199 254
199 375
199 364
199 372
199 115
199 149
199 290
199 45
199 294
199 296
199 338
199 230
199 272
199 274
199 167
199 221
199 388
204 307
204 375
204 192
204 245
204 26
204 71
204 39
204 78
204 222
204 290
204 283
204 351
204 64
204 45
204 158
204 203
204 52
204 131
204 213
204 125
204 270
204 193
204 259
204 198
390 272
390 4
390 351
390 270
390 345
390 47
390 200
390 164
390 377
390 388
390 222
390 337
390 5
390 216
390 112
390 274
390 319
390 391
390 387
390 368
390 302
390 232
390 366
390 192
390 275
390 305
390 369
390 329
322 259
322 68
322 264
322 355
322 99
322 97
322 78
322 398
322 131
322 236
322 319
322 110
322 230
322 329
322 119
322 198
322 100
322 224
322 173
322 54
322 326
322 372
322 67
322 146
339 374
339 5
339 133
339 84
339 178
339 208
339 97
339 127
339 112
339 23
339 251
339 215
339 351
339 368
339 15
339 216
339 293
339 225
339 259
339 253
339 93
339 198
339 132
339 377
339 305
220 71
220 319
220 173
220 391
220 44
220 167
220 127
220 329
220 4
220 106
220 366
220 379
220 177
220 54
220 231
220 244
220 52
220 216
220 135
220 146
220 296
220 104
220 388
239 215
239 200
239 264
239 164
239 158
239 314
239 395
239 252
239 377
239 379
239 193
239 72
239 132
239 299
239 62
239 96
239 205
239 190
239 16
239 274
239 99
239 14
239 333
239 231
239 280
239 348
239 131
239 112
239 337
13 264
13 211
13 323
13 259
13 74
13 208
13 210
13 324
13 16
13 181
13 372
13 119
13 121
13 112
13 5
13 116
13 175
13 296
13 164
13 111
13 47
13 278
13 280
13 214
13 108
13 84
13 33
264 387
264 347
264 323
264 135
264 391
264 333
264 4
264 68
264 224
264 308
264 228
264 369
264 182
264 33
264 112
264 40
264 115
264 202
228 354
228 166
228 290
228 345
228 15
228 340
228 146
228 337
228 270
228 47
228 107
228 375
228 364
228 5
228 379
228 313
228 39
228 78
330 393
330 229
330 252
330 14
330 208
330 236
330 368
330 319
330 215
330 166
330 173
330 369
330 373
330 103
330 265
330 106
330 121
330 115
330 262
330 213
330 398
16 33
16 385
16 198
16 158
16 321
16 70
16 138
16 393
16 193
16 74
16 186
16 254
16 5
16 245
16 313
16 381
16 236
16 310
16 231
16 312
16 182
16 224
16 226
16 39
16 175
16 100
16 291
208 210
208 72
208 381
208 81
208 26
208 211
208 173
208 5
208 270
208 39
208 245
208 366
208 379
208 115
208 198
208 100
208 251
208 107
208 345
208 338
208 274
208 178
208 221
210 366
210 379
210 313
210 153
210 315
210 68
210 222
210 224
210 345
210 347
210 283
210 338
210 232
210 127
210 112
210 8
210 280
210 214
210 348
210 149
210 398
210 192
210 190
210 135
210 256
158 62
158 301
158 193
158 26
158 124
158 173
158 307
158 39
158 296
158 190
158 97
158 131
158 225
158 293
158 231
158 11
158 167
158 213
158 334
158 215
158 283
158 58
158 324
158 153
158 315
116 313
116 315
116 262
116 387
116 369
116 316
116 358
116 305
116 373
116 375
116 351
116 177
116 124
116 74
116 368
116 236
116 225
116 111
116 290
116 224
116 270
116 14
116 108
116 333
116 133
116 135
190 176
190 319
190 40
190 104
190 393
190 68
190 181
190 375
190 377
190 245
190 229
190 242
190 363
190 231
190 138
190 301
190 222
190 345
190 166
190 226
190 296
190 100
190 175
190 54
190 58
190 52
190 127
164 138
164 132
164 226
164 100
164 64
164 278
164 58
164 127
164 262
164 275
164 398
164 70
164 270
164 312
164 373
164 47
164 162
164 375
164 313
164 172
164 293
164 176
164 78
229 337
229 103
229 133
229 97
229 385
229 398
229 319
229 23
229 176
229 270
229 110
229 259
229 305
229 254
229 54
229 368
229 135
229 67
229 242
229 178
229 345
229 272
229 81
308 333
308 237
308 313
308 186
308 214
308 225
308 40
308 367
308 262
308 296
308 177
308 47
308 181
308 81
308 305
308 26
308 99
308 103
308 29
308 391
308 316
308 15
333 93
333 132
333 294
333 375
333 222
333 39
333 186
333 274
333 8
333 121
333 193
333 302
333 202
333 262
333 213
333 347
333 162
333 293
96 167
96 222
96 215
96 391
96 26
96 272
96 140
96 54
96 44
96 337
96 78
96 372
96 310
96 178
96 259
96 294
96 364
96 181
96 102
96 104
96 23
272 68
272 262
272 181
272 337
272 326
272 71
272 203
272 103
272 131
272 366
272 265
272 290
272 193
272 40
272 253
272 70
132 270
132 391
132 340
132 140
132 153
132 146
132 135
132 313
132 385
132 53
132 374
132 81
132 358
132 294
132 245
132 97
132 78
132 108
132 302
132 121
132 356
71 97
71 354
71 275
71 345
71 200
71 72
71 265
71 133
71 388
71 377
71 124
71 192
71 313
71 39
71 372
71 299
71 125
71 4
71 294
71 186
71 296
71 109
71 100
71 291
71 280
71 93
71 52
97 14
97 44
97 108
97 112
97 4
97 226
97 283
97 153
97 329
97 265
97 242
97 68
97 358
97 173
97 294
97 186
97 62
97 177
97 124
97 245
231 173
231 216
231 176
231 391
231 119
231 314
231 265
231 211
231 107
231 326
231 368
231 44
231 363
231 40
231 153
231 104
231 102
231 307
231 296
111 398
111 215
111 283
111 340
111 64
111 45
111 265
111 146
111 377
111 192
111 313
111 326
111 387
111 200
111 202
111 244
111 93
111 99
111 29
398 388
398 205
398 356
398 84
398 108
398 172
398 323
398 115
398 313
398 64
398 58
398 52
398 167
398 189
398 198
398 351
398 177
213 252
213 307
213 173
213 203
213 313
213 115
213 290
213 11
213 109
213 54
213 274
213 52
213 33
213 278
213 225
213 258
213 275
213 104
321 393
321 181
321 211
321 192
321 58
321 379
321 385
321 172
321 294
321 283
321 11
321 205
321 351
321 124
321 54
321 301
321 265
321 167
321 106
321 140
321 234
321 15
393 68
393 181
393 305
393 203
393 367
393 5
393 39
393 252
393 182
393 44
393 29
393 112
393 234
393 149
393 366
393 15
393 58
393 301
393 186
393 348
393 125
280 381
280 315
280 29
280 319
280 374
280 312
280 230
280 100
280 256
280 54
280 265
280 167
280 131
280 214
280 244
280 193
280 119
280 387
280 334
280 211
280 135
347 215
347 166
347 203
347 364
347 340
347 78
347 319
347 338
347 115
347 232
347 250
347 254
347 388
347 40
347 242
347 172
347 74
347 363
84 216
84 29
84 222
84 146
84 5
84 54
84 313
84 198
84 323
84 112
84 125
84 259
84 186
84 230
84 177
84 124
84 245
84 52
172 99
172 14
172 265
172 112
172 258
172 326
172 381
172 149
172 193
172 254
172 375
172 146
172 377
172 177
172 31
172 245
172 192
172 181
172 315
172 372
172 222
172 345
172 173
172 283
138 340
138 256
138 26
138 216
138 258
138 319
138 173
138 186
138 377
138 45
138 236
138 291
138 54
138 33
138 275
138 162
138 119
270 283
270 102
270 351
270 177
270 340
270 181
270 175
270 337
270 5
270 112
270 323
270 380
270 329
270 100
270 307
270 222
270 265
270 216
270 70
270 294
270 202
283 72
283 102
283 215
283 294
283 307
283 296
283 11
283 224
283 124
283 54
283 133
283 253
283 232
283 64
283 58
283 377
283 250
283 169
283 319
283 374
283 299
215 296
215 274
215 99
215 103
215 14
215 112
215 385
215 4
215 334
215 115
215 380
215 15
215 252
215 265
215 375
215 33
215 169
215 244
358 258
358 222
358 173
358 54
358 216
358 348
358 299
358 293
358 274
358 225
358 140
358 326
358 275
358 254
358 127
358 29
358 23
358 4
358 251
358 166
167 54
167 103
167 354
167 33
167 169
167 112
167 106
167 294
167 109
167 162
167 205
167 381
167 67
167 211
167 323
167 367
167 193
167 314
167 93
167 375
173 115
173 149
173 224
173 64
173 237
173 294
173 395
173 265
173 278
173 388
173 31
173 125
173 72
173 334
173 310
173 202
173 314
173 369
173 250
173 305
173 373
173 106
99 44
99 395
99 388
99 192
99 313
99 58
99 251
99 372
99 52
99 253
99 67
99 176
99 112
99 301
99 193
99 74
99 252
99 307
99 364
99 124
99 236
99 291
310 355
310 109
310 256
310 290
310 107
310 186
310 214
310 225
310 259
310 68
310 230
310 375
310 377
310 124
310 385
310 131
310 236
310 189
310 15
310 45
355 127
355 29
355 251
355 200
355 302
355 198
355 177
355 387
355 237
355 54
355 107
355 146
355 193
355 93
355 153
355 205
355 337
355 318
355 5
355 133
293 379
293 313
293 368
293 291
293 374
293 110
293 363
293 234
293 367
293 149
293 314
293 307
293 135
293 70
293 153
293 104
293 236
293 166
293 338
293 245
293 124
166 112
166 8
166 329
166 221
166 119
166 100
166 216
166 253
166 387
166 146
166 202
166 110
166 369
166 186
166 254
166 375
166 181
166 26
166 299
166 290
326 380
326 31
326 74
326 315
326 26
326 39
326 182
326 78
326 131
326 225
326 8
326 140
326 345
326 334
326 33
78 234
78 291
78 68
78 108
78 149
78 39
78 140
78 135
78 203
78 381
78 253
78 169
78 373
78 186
78 31
234 131
234 112
234 364
234 115
234 198
234 363
234 299
234 367
234 301
234 52
234 178
234 70
234 47
234 175
205 275
205 146
205 356
205 294
205 178
205 40
205 153
205 388
205 47
205 203
205 251
205 374
205 176
205 318
205 189
205 377
205 64
205 177
205 192
275 338
275 103
275 329
275 375
275 315
275 374
275 256
275 290
275 351
275 110
275 40
275 337
64 70
64 112
64 58
64 259
64 369
64 294
64 109
64 100
64 368
64 102
64 169
64 162
64 338
64 23
64 146
64 387
64 200
70 252
70 379
70 313
70 372
70 385
70 242
70 244
70 250
70 8
70 175
70 177
70 214
70 106
70 44
70 259
70 340
70 316
301 11
301 372
301 237
301 290
301 265
301 33
301 351
301 140
301 102
301 124
301 103
301 291
301 106
301 8
301 366
301 381
301 302
127 100
127 236
127 291
127 45
127 67
127 40
127 221
127 72
127 388
127 214
127 47
127 315
127 385
127 198
127 200
127 202
127 108
127 316
127 237
127 318
127 106
127 254
302 356
302 316
302 131
302 373
302 307
302 110
302 149
302 337
302 250
302 388
302 72
302 53
302 324
302 385
302 5
302 39
302 367
356 33
356 299
356 112
356 176
356 379
356 262
356 324
356 62
356 305
356 354
356 369
356 5
356 252
356 14
356 178
356 236
356 319
356 221
356 251
356 334
44 278
44 348
44 8
44 193
44 15
44 67
44 33
44 119
44 354
203 169
203 299
203 224
203 74
203 338
203 388
203 367
203 121
203 307
203 254
203 45
203 177
203 245
203 54
203 58
340 236
340 8
340 72
340 324
340 313
340 175
340 258
340 124
340 14
340 216
340 106
340 193
340 379
340 54
340 354
340 369
340 299
290 385
290 363
290 299
290 182
290 294
290 296
290 109
290 67
290 252
290 74
290 236
290 315
290 47
345 391
345 62
345 124
345 318
345 5
345 379
345 313
345 109
345 211
345 162
345 366
345 254
345 135
345 299
345 146
345 169
345 72
45 178
45 312
45 125
45 186
45 100
45 104
45 202
45 316
45 133
45 146
45 324
45 379
45 313
45 181
45 262
45 62
45 53
45 176
178 278
178 388
178 103
178 202
178 312
178 119
178 377
178 181
178 251
178 14
178 367
178 93
178 226
178 338
178 274
178 221
178 11
178 175
299 109
299 315
299 54
299 103
299 312
299 112
299 274
299 278
299 253
299 307
299 104
299 387
299 29
299 391
299 23
299 373
299 100
299 11
11 237
11 226
11 52
11 177
11 221
11 291
11 225
11 214
11 202
11 252
11 366
11 115
11 251
11 242
11 244
200 237
200 192
200 388
200 348
200 29
200 8
200 334
200 305
200 375
200 245
200 131
200 176
200 106
200 115
200 244
200 354
237 119
237 224
237 52
237 225
237 110
237 348
237 93
237 198
237 202
237 47
237 181
237 226
237 312
237 380
237 39
237 388
237 377
237 379
237 315
237 140
29 47
29 40
29 8
29 149
29 259
29 274
29 373
29 265
29 133
29 381
29 110
29 112
29 186
29 307
29 230
29 364
29 26
245 214
245 115
245 318
245 109
245 375
245 226
245 372
245 8
245 47
245 364
245 15
245 124
245 103
133 225
133 348
133 102
133 211
133 226
133 221
133 39
133 108
133 313
133 262
133 372
133 323
133 259
133 364
366 380
366 323
366 107
366 52
366 135
366 252
366 68
366 221
366 294
366 379
366 258
366 39
366 265
366 216
177 189
177 110
177 119
177 252
177 186
177 307
177 15
177 232
177 107
177 146
177 338
177 265
177 388
177 216
177 124
177 258
177 211
177 108
189 368
189 67
189 372
189 153
189 104
189 296
189 131
189 253
189 387
189 115
189 193
189 119
189 369
121 294
121 54
121 230
121 107
121 67
121 291
121 363
121 40
121 68
121 153
121 146
121 214
121 256
121 103
121 192
121 202
121 323
121 125
294 387
294 15
294 256
294 107
294 244
294 176
294 259
294 110
294 104
294 119
294 262
294 254
294 14
294 291
294 242
140 307
140 254
140 375
140 242
140 224
140 106
140 265
140 278
140 388
140 15
140 216
140 109
140 253
140 33
140 391
140 31
140 312
140 305
307 312
307 253
307 369
307 351
307 211
307 162
307 192
307 146
307 236
307 68
307 47
307 318
307 5
307 379
307 372
307 131
214 256
214 324
214 258
214 315
214 374
214 367
214 15
214 296
214 54
214 58
214 52
214 33
214 131
214 31
214 391
214 62
214 373
214 265
214 146
256 31
256 68
256 162
256 351
256 81
256 62
256 169
256 348
256 112
256 314
256 149
256 274
256 329
256 324
256 379
256 381
256 67
33 181
33 115
33 198
33 374
33 242
33 14
33 112
33 367
33 337
33 254
181 202
181 329
181 115
181 381
181 107
181 242
181 67
181 125
181 47
181 211
52 312
52 125
52 380
52 186
52 296
52 104
52 337
52 81
52 202
52 153
52 274
52 135
52 23
119 369
119 112
119 363
119 211
119 26
119 391
119 395
119 216
119 115
119 319
119 109
369 313
369 387
369 258
369 192
369 58
369 125
369 259
369 324
369 124
369 367
369 216
369 368
100 375
100 225
100 54
100 216
100 211
100 224
100 226
100 40
100 221
100 278
100 254
100 192
100 242
100 363
100 244
100 367
31 324
31 258
31 192
31 62
31 251
31 372
31 374
31 182
31 364
31 236
31 278
31 108
31 81
31 338
31 153
31 131
135 74
135 244
135 102
135 373
135 313
135 236
135 222
135 169
135 224
135 162
135 58
135 337
192 131
192 202
192 380
192 110
192 74
192 254
192 225
192 274
192 115
192 182
312 337
312 211
312 274
312 278
312 259
312 193
312 388
312 53
312 296
312 324
312 368
312 374
312 222
312 367
312 23
374 186
374 244
374 225
374 40
374 262
374 395
374 62
374 377
374 367
374 108
374 23
374 110
374 230
374 149
374 313
374 258
379 391
379 68
379 102
379 47
379 108
379 224
379 375
315 216
315 244
315 102
315 372
315 254
315 291
315 176
315 8
315 354
315 107
107 372
107 250
107 58
107 103
107 230
107 47
107 334
107 62
107 265
107 278
107 337
107 258
372 216
372 377
372 244
372 176
372 104
372 62
372 337
372 252
372 221
372 251
372 334
251 67
251 291
251 74
251 202
251 334
251 81
251 391
251 318
251 254
251 377
251 381
251 131
251 106
251 221
251 230
251 15
251 162
216 169
216 236
216 354
216 367
216 226
216 115
216 296
216 338
216 182
216 67
216 253
216 313
202 380
202 14
202 108
202 242
202 367
202 230
202 54
202 125
202 68
380 162
380 354
380 254
380 125
380 93
380 68
380 230
380 62
380 258
380 367
380 39
380 274
380 225
380 106
380 149
169 381
169 262
169 39
169 193
169 252
169 254
169 5
169 230
169 104
169 8
81 334
81 226
81 5
81 278
81 93
81 337
81 313
81 23
81 4
81 8
81 387
81 316
81 124
81 67
81 112
81 354
81 68
26 103
26 252
26 4
26 15
26 314
26 186
26 221
26 115
313 39
313 252
313 318
313 324
313 182
313 367
102 149
102 391
102 351
102 265
102 337
102 387
102 131
102 230
102 225
102 112
149 316
149 377
149 368
149 103
149 242
149 108
149 258
149 40
149 323
149 74
265 226
265 175
265 254
265 5
265 14
265 278
265 4
265 391
265 388
265 244
211 259
211 124
211 14
211 23
211 381
211 242
211 224
211 58
211 131
211 291
211 68
211 53
385 354
385 314
385 329
385 74
385 4
385 8
385 364
385 316
385 338
385 110
385 198
385 162
109 323
109 305
109 175
109 232
109 368
109 115
109 226
109 395
109 253
109 387
259 242
259 305
259 4
259 296
259 53
259 39
259 110
259 329
68 146
68 381
68 319
68 367
68 314
68 252
68 175
68 232
68 162
47 334
47 253
47 244
47 193
47 40
47 354
334 351
334 364
334 124
334 242
334 23
334 236
334 8
334 230
334 58
334 186
334 363
334 74
334 354
316 305
316 58
316 250
316 387
316 242
316 236
316 8
316 314
316 110
72 395
72 262
72 323
72 125
72 314
72 318
72 131
72 364
72 115
72 291
72 348
72 363
72 176
72 103
72 224
391 377
391 367
391 103
391 14
391 242
391 112
391 4
391 319
391 387
391 224
93 388
93 324
93 381
93 314
93 250
93 186
93 368
93 291
93 74
93 363
93 176
93 222
93 62
93 162
93 351
146 40
146 104
146 363
146 305
146 373
146 5
146 354
146 162
373 387
373 375
373 14
373 242
373 23
373 53
373 367
373 314
373 329
373 381
323 337
323 14
323 354
323 291
323 8
323 230
323 175
323 258
323 222
323 381
323 186
323 106
108 278
108 337
108 104
108 176
108 182
108 175
108 296
108 232
329 368
329 232
329 363
329 226
329 250
329 252
329 4
329 110
329 222
329 58
329 314
329 395
329 377
329 253
125 58
125 198
125 363
125 182
125 104
125 252
125 186
125 375
125 364
125 354
125 222
125 23
125 338
262 318
262 153
262 182
262 274
262 395
262 176
262 291
262 8
262 110
262 162
278 153
278 124
278 186
278 364
278 112
278 225
278 110
278 348
278 250
278 252
250 162
250 252
250 377
250 242
250 74
250 104
250 221
250 53
250 175
250 124
250 395
250 103
250 106
324 193
324 395
324 388
324 224
324 368
324 318
324 5
324 252
324 115
324 162
112 15
112 354
112 110
112 162
112 319
112 8
112 305
112 318
112 131
112 175
162 367
162 124
162 254
162 236
162 131
162 363
162 224
162 62
162 388
162 14
162 319
124 153
124 388
124 74
124 53
124 182
124 131
124 375
124 348
74 53
74 258
74 193
74 314
74 182
74 58
74 222
230 8
230 338
230 351
230 224
230 222
230 388
230 337
230 67
230 198
230 368
230 367
236 395
236 115
236 198
236 387
236 305
236 364
236 363
236 354
236 39
15 4
15 222
15 274
15 318
15 368
15 198
103 153
103 395
103 221
103 58
103 319
103 182
103 14
103 305
103 375
103 232
23 232
23 225
23 348
23 318
23 8
23 62
23 319
23 242
23 296
232 221
232 222
232 253
232 186
232 244
232 193
232 40
232 351
232 226
232 337
232 5
337 252
337 153
337 4
337 319
337 186
337 387
337 62
222 296
222 131
222 274
222 348
222 319
222 318
222 40
222 258
222 53
62 40
62 67
62 377
62 381
62 363
62 314
221 338
221 395
221 225
221 388
221 375
221 258
221 242
338 368
338 305
338 175
338 363
338 354
338 193
338 115
338 348
338 254
338 153
338 104
351 8
351 395
351 377
351 381
351 305
351 5
351 354
351 291
225 176
225 106
225 226
225 182
225 153
225 375
110 291
110 58
110 305
8 106
8 348
8 274
8 252
8 67
8 115
8 198
8 253
318 104
318 395
318 5
318 388
318 175
305 198
305 226
305 274
305 381
305 5
354 363
115 254
115 363
131 368
131 104
131 176
131 153
131 39
58 198
58 193
58 348
58 14
58 40
58 67
58 54
254 104
254 198
254 296
254 182
254 176
319 186
319 198
182 253
375 14
375 291
375 381
314 226
314 242
314 39
314 274
314 176
252 14
252 258
252 244
252 176
198 377
198 381
198 367
176 67
176 363
176 258
176 4
368 104
39 40
39 381
39 367
39 54
39 175
40 258
40 253
40 106
387 363
387 395
348 367
348 54
348 175
381 363
381 224
381 367
381 388
274 253
395 175
395 14
175 253
175 244
175 367
175 5
388 377
388 4
388 226
388 244
296 224
296 367
186 253
186 367
186 5
258 53
258 226
258 54
258 363
363 242
363 4
54 244
54 224
54 5
193 364
193 253
242 291
242 53
242 364
242 5
253 377
253 53
253 224
377 367
14 5
14 364
5 67
5 367
5 364
5 106
153 244
153 364
153 67
153 226
226 106
4 106
244 67
244 53
367 106