400 1000
209 390
209 150
209 71
209 135
209 193
390 350
390 170
390 393
390 4
85 354
85 260
85 232
85 88
85 224
354 162
354 127
354 185
354 283
175 257
175 341
175 338
175 313
175 15
257 80
257 128
257 55
257 8
99 100
99 89
99 259
99 212
99 281
100 34
100 18
100 67
100 243
4 366
4 369
4 213
4 8
366 261
366 363
366 74
366 254
13 106
13 92
13 185
13 264
13 149
106 120
106 301
106 345
106 308
130 353
130 71
130 116
130 81
130 394
353 273
353 290
353 386
353 250
125 247
125 19
125 243
125 215
125 191
247 8
247 384
247 41
247 36
80 28
80 48
80 51
80 319
37 134
37 215
37 182
37 359
37 93
134 168
134 113
134 5
134 252
87 391
87 127
87 178
87 186
87 279
391 397
391 140
391 299
391 68
8 49
8 25
0 5
0 189
0 292
0 278
0 202
5 279
5 120
5 335
2 176
2 388
2 145
2 224
2 82
176 291
176 66
176 205
176 218
162 314
162 39
162 395
162 27
314 169
314 194
314 170
314 321
259 265
259 239
259 93
259 195
265 147
265 14
265 399
265 76
1 369
1 332
1 326
1 29
1 107
369 18
369 335
369 325
239 110
239 45
239 217
239 63
96 387
96 27
96 242
96 260
96 221
387 58
387 274
387 76
387 90
57 368
57 214
57 190
57 306
57 157
368 300
368 216
368 238
368 155
129 146
129 211
129 210
129 161
129 15
146 122
146 200
146 145
146 190
183 355
183 173
183 207
183 309
183 327
355 244
355 253
355 202
355 284
262 270
262 203
262 27
262 336
262 172
270 246
270 153
270 365
270 237
140 164
140 138
140 337
140 65
164 31
164 53
164 68
164 396
123 331
123 64
123 124
123 315
123 324
331 276
331 197
331 216
331 158
42 105
42 168
42 34
42 344
42 362
105 83
105 351
105 337
105 382
63 326
63 335
63 375
63 365
326 50
326 192
326 10
77 373
77 7
77 52
77 88
77 127
373 118
373 48
373 296
373 55
238 336
238 156
238 102
238 332
336 29
336 374
336 150
227 397
227 114
227 381
227 12
227 249
397 283
397 103
397 147
58 364
58 279
58 226
58 328
74 75
74 340
74 97
74 245
75 114
75 98
75 255
75 305
302 320
302 287
302 316
302 182
302 223
320 150
320 180
320 222
320 12
145 364
145 381
145 86
364 113
364 152
364 357
293 351
293 290
293 396
293 358
293 361
351 296
351 278
351 208
192 296
192 316
192 49
192 98
296 154
296 196
25 317
25 65
25 255
25 333
317 309
317 208
317 171
317 60
16 70
16 379
16 217
16 271
16 117
70 152
70 263
70 32
70 117
168 347
168 169
168 20
347 41
347 54
347 112
347 323
340 24
340 228
340 318
340 22
92 38
92 226
92 359
92 200
28 62
28 242
28 97
28 360
62 135
62 52
62 14
62 241
72 388
72 182
72 303
72 47
72 277
388 184
388 198
388 308
154 398
154 393
154 159
154 24
39 220
39 103
39 327
39 272
220 94
220 34
220 201
220 367
276 10
276 52
276 142
276 50
156 40
156 43
156 24
156 202
250 282
250 26
250 297
250 24
282 177
282 240
282 155
282 137
118 64
118 219
118 196
118 160
300 291
300 338
300 288
300 189
68 372
68 222
68 3
372 79
372 225
372 377
372 73
7 124
7 110
7 231
7 113
124 174
124 233
124 279
43 217
43 109
43 233
43 349
217 191
217 194
89 184
89 17
89 12
89 194
184 201
184 33
184 132
40 319
40 380
40 230
40 213
319 59
319 371
319 61
15 384
15 244
15 78
384 18
384 148
384 143
54 65
54 348
54 167
54 30
65 339
65 53
188 303
188 56
188 171
188 21
188 295
303 161
303 343
303 21
290 323
290 311
290 235
323 187
323 172
323 38
147 95
147 309
147 258
189 280
189 131
189 55
280 258
280 339
280 38
280 22
177 315
177 47
177 64
177 295
315 337
315 229
315 148
113 160
113 349
160 356
160 138
160 91
150 153
150 301
19 352
19 41
19 263
19 149
173 237
173 29
173 126
173 230
103 301
103 137
103 79
22 32
22 389
22 252
32 329
32 24
32 142
83 375
83 321
83 110
83 204
375 204
375 44
375 91
231 273
231 313
231 237
231 181
273 174
273 342
273 321
348 333
348 236
348 64
348 187
120 268
120 215
120 201
98 256
98 136
98 316
256 268
256 383
256 121
256 174
240 358
240 272
240 248
240 327
358 341
358 190
358 321
161 311
161 119
161 35
329 221
329 112
329 178
329 34
64 301
27 223
27 203
223 95
223 61
223 246
174 76
174 346
255 356
255 79
255 274
356 396
356 135
356 97
110 399
110 235
332 212
332 350
332 44
187 221
187 69
187 122
221 264
221 211
101 288
101 218
101 245
101 194
101 56
288 47
288 9
288 30
59 305
59 258
59 55
59 376
244 271
244 84
244 394
131 298
131 343
131 93
131 38
298 93
298 56
298 361
298 60
114 136
114 234
114 359
272 274
272 344
272 334
274 17
274 73
95 267
95 104
95 201
111 338
111 109
111 211
111 23
111 86
338 152
338 186
341 386
341 170
341 90
163 385
163 26
163 215
163 122
163 312
385 343
385 232
385 361
385 34
167 248
167 224
167 36
167 3
248 94
248 108
248 3
360 386
360 141
360 229
360 308
386 234
386 133
94 285
94 242
94 84
285 233
285 234
285 310
285 41
21 301
21 128
21 294
81 86
81 289
81 241
81 380
86 292
86 71
18 335
18 222
214 33
214 362
214 249
214 235
93 283
327 328
327 307
251 363
251 55
251 10
251 73
251 253
363 137
363 367
363 218
49 228
49 186
49 253
228 67
228 108
228 324
342 392
342 261
342 199
342 330
392 398
392 185
392 169
392 210
203 304
203 254
203 56
304 78
304 242
304 275
304 151
215 269
269 142
269 235
269 48
269 316
367 394
367 370
367 339
394 102
394 219
53 136
53 10
53 179
136 35
136 344
339 46
339 333
305 51
305 204
305 20
45 132
45 206
45 139
45 357
132 216
132 67
132 107
268 271
268 378
268 119
271 211
271 104
109 153
109 151
109 234
153 343
153 216
254 382
254 186
254 165
382 195
382 158
382 344
41 235
371 377
371 306
371 151
371 230
291 141
291 294
291 206
185 379
185 334
152 158
152 166
219 127
219 149
219 144
261 277
261 330
261 325
277 197
277 263
277 399
47 297
47 121
398 84
398 260
398 361
191 307
191 370
191 266
307 126
307 148
307 233
182 249
182 318
249 306
249 23
139 278
139 324
139 383
139 51
278 333
278 178
246 252
246 69
246 151
252 396
252 204
51 104
51 308
208 396
208 144
208 362
14 379
14 374
14 67
180 325
180 73
180 264
180 20
325 381
325 370
137 158
137 226
73 260
311 229
311 352
311 12
159 378
159 346
159 376
159 133
378 334
378 158
378 66
377 107
377 31
377 383
316 352
352 328
352 224
46 157
46 379
46 90
46 345
229 350
229 36
196 232
196 275
196 11
119 3
119 181
119 357
281 330
281 234
281 33
281 237
330 60
330 128
35 198
35 309
35 322
198 141
198 210
198 121
71 328
71 151
79 199
79 108
216 393
211 197
60 102
60 312
102 88
102 292
393 299
393 297
299 361
299 283
299 11
380 232
380 78
380 225
222 142
222 200
69 226
69 179
69 286
334 30
334 335
337 318
337 44
144 324
144 349
144 181
346 321
346 11
346 143
61 210
61 399
61 78
210 171
31 169
31 135
31 253
169 33
172 306
172 91
172 116
306 141
166 232
166 345
166 349
166 312
3 116
116 107
116 297
38 322
309 357
224 165
127 267
267 395
267 263
267 122
190 310
190 29
36 213
36 9
186 97
30 138
30 155
283 286
310 379
310 241
310 26
10 33
197 193
197 11
29 345
381 91
381 365
141 138
126 9
126 370
126 207
370 135
170 142
170 17
263 143
297 148
143 243
143 395
243 253
243 313
9 289
9 230
289 389
289 365
289 286
67 312
395 206
395 236
324 112
204 195
82 349
82 6
82 179
82 207
50 84
50 195
50 165
333 287
165 374
165 287
374 275
374 260
128 199
128 359
264 383
264 275
286 295
286 205
218 115
218 318
207 376
207 205
376 121
376 359
233 66
258 266
258 11
245 205
245 284
245 279
193 230
193 117
193 17
20 149
20 23
328 365
138 26
121 178
56 84
52 236
52 294
236 91
236 48
206 155
206 6
343 241
17 212
78 104
104 383
266 322
266 201
266 107
322 294
322 44
199 90
199 66
157 6
157 115
157 389
171 318
171 284
76 179
76 148
179 242
66 44
108 345
108 149
178 225
48 344
90 350
23 200
23 292
6 88
6 389
88 295
292 181
194 12
97 389
122 350
237 26
212 115
212 213
112 357
112 295
195 287
226 313
313 117
115 133
115 155
275 312
117 225
213 362
399 284
287 284
362 200
225 202
308 133
294 202
205 133
181 241