400 6000
338 373
338 236
338 281
338 102
338 215
338 28
338 368
338 62
338 243
338 96
338 303
338 376
338 35
338 237
338 331
338 20
338 335
338 127
338 29
338 210
338 91
338 85
338 249
338 128
338 9
338 201
338 329
338 70
338 306
338 104
373 353
373 253
373 21
373 385
373 362
373 100
373 179
373 202
373 183
373 311
373 43
373 165
373 252
373 291
373 23
373 4
373 217
373 351
373 136
373 51
373 164
373 328
373 75
373 5
373 39
373 69
373 295
373 379
373 274
250 260
250 394
250 21
250 55
250 262
250 168
250 0
250 45
250 28
250 314
250 58
250 305
250 199
250 361
250 47
250 249
250 32
250 145
250 279
250 281
250 349
250 118
250 395
250 246
250 63
250 388
250 106
250 110
250 170
250 339
260 201
260 82
260 266
260 229
260 95
260 208
260 386
260 157
260 366
260 185
260 215
260 254
260 218
260 25
260 294
260 298
260 140
260 2
260 204
260 6
260 344
260 278
260 179
260 293
260 45
260 79
260 73
260 107
260 332
269 273
269 169
269 330
269 65
269 95
269 70
269 217
269 314
269 72
269 2
269 318
269 160
269 11
269 209
269 20
269 133
269 29
269 195
269 290
269 121
269 253
269 66
269 349
269 100
269 109
269 397
269 399
269 280
269 348
269 67
273 90
273 218
273 39
273 279
273 281
273 138
273 276
273 200
273 51
273 322
273 311
273 154
273 207
273 167
273 210
273 176
273 106
273 347
273 155
273 362
273 364
273 119
273 202
273 266
273 357
273 264
273 92
273 350
273 190
139 163
139 352
139 275
139 1
139 102
139 83
139 397
139 199
139 201
139 111
139 13
139 7
139 381
139 120
139 105
139 118
139 319
139 20
139 122
139 389
139 325
139 380
139 76
139 121
139 307
139 175
139 311
139 179
139 109
139 348
163 370
163 238
163 152
163 103
163 290
163 8
163 279
163 171
163 226
163 164
163 149
163 45
163 205
163 82
163 262
163 372
163 185
163 1
163 321
163 129
163 244
163 257
163 89
163 380
163 123
163 134
163 157
163 184
163 13
37 152
37 277
37 149
37 380
37 85
37 327
37 63
37 307
37 254
37 309
37 322
37 172
37 119
37 174
37 244
37 57
37 191
37 9
37 114
37 358
37 109
37 164
37 342
37 168
37 102
37 49
37 291
37 104
37 40
37 284
152 240
152 174
152 176
152 231
152 365
152 180
152 112
152 237
152 57
152 160
152 2
152 157
152 214
152 390
152 203
152 275
152 396
152 317
152 146
152 332
152 257
152 312
152 261
152 68
152 186
152 132
152 113
152 300
9 319
9 266
9 138
9 272
9 127
9 195
9 65
9 188
9 243
9 177
9 49
9 304
9 130
9 112
9 101
9 105
9 107
9 340
9 34
9 47
9 36
9 227
9 390
9 95
9 205
9 18
9 31
9 277
319 305
319 351
319 156
319 31
319 317
319 157
319 382
319 329
319 71
319 35
319 50
319 316
319 326
319 291
319 112
319 191
319 255
319 270
319 189
319 91
319 193
319 253
319 155
319 85
319 356
319 371
319 128
319 79
350 383
350 385
350 188
350 39
350 14
350 354
350 325
350 304
350 234
350 6
350 341
350 158
350 322
350 73
350 290
350 86
350 1
350 144
350 21
350 212
350 272
350 93
350 287
350 251
350 315
350 386
350 166
350 145
350 239
383 201
383 254
383 280
383 150
383 180
383 357
383 148
383 19
383 53
383 296
383 396
383 136
383 377
383 205
383 5
383 267
383 118
383 312
383 346
383 186
383 29
383 131
383 276
383 76
383 268
383 283
383 343
383 94
383 109
157 217
157 25
157 329
157 59
157 223
157 280
157 8
157 216
157 218
157 275
157 330
157 323
157 127
157 142
157 199
157 10
157 134
157 100
157 240
157 107
157 354
157 167
157 356
157 41
157 16
157 50
217 102
217 274
217 287
217 196
217 276
217 28
217 331
217 265
217 200
217 13
217 194
217 381
217 154
217 184
217 188
217 389
217 323
217 6
217 309
217 377
217 75
217 24
217 348
217 101
217 165
217 356
217 46
162 332
162 113
162 17
162 111
162 75
162 239
162 307
162 105
162 298
162 245
162 122
162 249
162 291
162 161
162 308
162 46
162 70
162 220
162 343
162 79
162 272
162 56
162 86
162 116
162 65
162 205
162 328
162 275
162 104
162 138
332 32
332 328
332 284
332 331
332 355
332 127
332 272
332 270
332 345
332 336
332 158
332 393
332 384
332 386
332 244
332 42
332 255
332 259
332 140
332 40
332 174
332 385
332 306
332 317
332 179
332 262
332 213
248 335
248 390
248 198
248 337
248 284
248 339
248 247
248 398
248 126
248 58
248 220
248 244
248 371
248 252
248 307
248 21
248 242
248 134
248 311
248 53
248 34
248 145
248 222
248 207
248 50
248 161
248 342
248 333
248 280
248 6
335 229
335 144
335 14
335 123
335 8
335 345
335 268
335 219
335 32
335 205
335 60
335 120
335 186
335 265
335 225
335 255
335 189
335 253
335 6
335 238
335 232
335 213
335 181
335 28
335 360
335 305
335 254
335 333
201 255
201 134
201 268
201 202
201 257
201 312
201 34
201 327
201 200
201 51
201 81
201 362
201 145
201 232
201 313
201 188
201 249
201 97
201 343
201 91
201 279
201 11
201 223
201 156
201 101
201 169
5 348
5 295
5 108
5 150
5 396
5 88
5 24
5 147
5 39
5 160
5 15
5 274
5 87
5 89
5 265
5 146
5 247
5 121
5 242
5 59
5 169
5 61
5 186
5 228
5 179
5 100
5 234
5 357
348 84
348 372
348 231
348 131
348 300
348 365
348 170
348 334
348 2
348 100
348 11
348 209
348 128
348 368
348 22
348 135
348 361
348 12
348 354
348 178
348 342
348 232
348 262
348 0
348 345
348 13
321 325
321 252
321 312
321 368
321 328
321 159
321 374
321 236
321 270
321 72
321 378
321 2
321 298
321 264
321 371
321 145
321 309
321 205
321 120
321 154
321 54
321 39
321 161
321 293
321 244
321 225
321 149
321 334
321 128
325 53
325 192
325 81
325 245
325 71
325 208
325 172
325 187
325 384
325 219
325 375
325 388
325 302
325 100
325 313
325 130
325 228
325 379
325 322
325 173
325 188
325 191
325 354
325 31
325 189
325 21
325 234
71 150
71 154
71 1
71 88
71 330
71 149
71 391
71 32
71 256
71 247
71 75
71 306
71 308
71 123
71 356
71 120
71 11
71 298
71 111
71 223
71 344
71 172
71 214
71 174
71 295
71 95
71 108
71 52
150 214
150 95
150 207
150 275
150 44
150 129
150 387
150 187
150 378
150 204
150 180
150 81
150 307
150 311
150 234
150 133
150 31
150 299
150 288
150 345
150 119
150 347
150 49
150 336
150 94
150 395
150 56
214 313
214 381
214 236
214 74
214 251
214 244
214 205
214 105
214 52
214 289
214 225
214 394
214 174
214 328
214 262
214 119
214 222
214 130
214 202
214 83
214 113
214 98
214 192
214 77
214 107
214 274
214 318
153 219
153 74
153 221
153 83
153 113
153 388
153 256
153 13
153 392
153 194
153 249
153 396
153 118
153 44
153 367
153 180
153 97
153 57
153 243
153 36
153 232
153 238
153 98
153 293
153 240
153 361
153 363
153 341
153 356
153 206
219 72
219 132
219 296
219 185
219 92
219 60
219 286
219 33
219 63
219 48
219 78
219 389
219 110
219 391
219 91
219 119
219 179
219 318
219 211
219 324
219 13
219 135
219 116
219 146
219 1
219 376
219 197
106 107
106 188
106 298
106 232
106 179
106 78
106 76
106 57
106 297
106 110
106 277
106 160
106 204
106 18
106 86
106 146
106 10
106 370
106 262
106 209
106 264
106 253
106 28
106 123
106 369
106 56
106 316
106 131
107 132
107 376
107 389
107 189
107 244
107 79
107 195
107 184
107 103
107 109
107 190
107 291
107 21
107 229
107 220
107 341
107 275
107 169
107 158
107 281
107 349
107 388
107 84
107 135
107 93
262 391
262 312
262 314
262 116
262 318
262 159
262 293
262 306
262 299
262 354
262 207
262 281
262 294
262 99
262 59
262 57
262 333
262 193
262 394
262 177
262 79
262 241
262 126
262 137
391 102
391 177
391 126
391 205
391 7
391 303
391 282
391 227
391 25
391 78
391 172
391 151
391 30
391 145
391 347
391 45
391 128
391 54
391 182
391 33
391 12
391 176
391 259
391 361
391 342
391 89
391 123
60 176
60 209
60 222
60 215
60 10
60 151
60 274
60 342
60 53
60 377
60 148
60 203
60 205
60 35
60 20
60 242
60 125
60 27
60 8
60 184
60 120
60 67
60 124
60 15
60 45
60 168
60 223
60 295
176 188
176 124
176 39
176 88
176 52
176 220
176 170
176 10
176 70
176 49
176 228
176 98
176 393
176 340
176 13
176 397
176 210
176 399
176 35
176 129
176 198
176 308
176 244
176 2
176 6
176 81
32 343
32 398
32 327
32 11
32 197
32 146
32 148
32 132
32 187
32 125
32 367
32 21
32 6
32 48
32 61
32 292
32 305
32 252
32 54
32 232
32 7
32 278
32 104
32 361
32 394
32 167
343 90
343 188
343 227
343 216
343 261
343 66
343 119
343 283
343 313
343 130
343 226
343 271
343 52
343 3
343 244
343 46
343 40
343 70
343 138
343 68
343 0
343 361
343 221
343 285
343 315
343 166
13 101
13 22
13 92
13 213
13 147
13 331
13 265
13 388
13 203
13 302
13 64
13 134
13 125
13 235
13 237
13 292
13 109
13 298
13 342
13 278
13 399
13 207
13 141
101 394
101 315
101 317
101 330
101 200
101 389
101 358
101 171
101 318
101 66
101 30
101 346
101 43
101 73
101 284
101 77
101 165
101 222
101 356
101 277
101 398
101 270
101 206
101 327
101 40
101 399
236 182
236 342
236 355
236 76
236 8
236 223
236 339
236 183
236 330
236 158
236 24
236 58
236 88
236 369
236 329
236 263
236 89
236 4
236 49
236 215
236 363
236 51
236 81
236 246
236 301
236 360
236 362
212 395
212 344
212 278
212 333
212 23
212 53
212 218
212 394
212 213
212 24
212 54
212 384
212 307
212 377
212 57
212 91
212 179
212 183
212 310
212 352
212 128
212 288
212 58
212 7
212 141
212 215
212 165
212 169
212 1
395 104
395 251
395 53
395 196
395 51
395 275
395 194
395 358
395 239
395 173
395 203
395 20
395 44
395 142
395 334
395 155
395 168
395 11
395 79
395 158
395 292
395 181
395 384
395 235
395 86
395 129
395 372
229 203
229 35
229 326
229 328
229 275
229 253
229 376
229 121
229 303
229 75
229 137
229 190
229 63
229 12
229 65
229 227
229 40
229 74
229 49
229 185
229 166
229 285
229 232
229 265
229 399
229 346
229 388
154 161
154 165
154 290
154 345
154 148
154 276
154 265
154 386
154 399
154 143
154 396
154 54
154 380
154 382
154 371
154 252
154 173
154 40
154 241
154 362
154 364
154 245
154 313
154 289
154 304
154 293
161 105
161 50
161 302
161 25
161 238
161 127
161 172
161 240
161 8
161 38
161 365
161 155
161 100
161 213
161 336
161 63
161 205
161 218
161 46
161 315
161 138
161 47
161 369
161 96
161 360
161 188
30 354
30 294
30 349
30 54
30 364
30 56
30 166
30 100
30 280
30 227
30 14
30 29
30 86
30 27
30 103
30 147
30 160
30 323
30 138
30 151
30 206
30 397
30 375
30 146
30 256
30 25
30 242
30 257
354 194
354 258
354 322
354 237
354 316
354 12
354 27
354 259
354 375
354 204
354 55
354 19
354 94
354 345
354 296
354 245
354 61
354 233
354 312
354 89
354 187
354 251
354 92
354 283
178 289
178 79
178 43
178 216
178 118
178 205
178 18
178 396
178 67
178 268
178 189
178 140
178 138
178 0
178 113
178 379
178 141
178 304
178 169
178 240
178 363
178 244
178 14
178 286
178 235
178 224
178 281
178 336
178 166
289 23
289 76
289 110
289 279
289 283
289 267
289 77
289 141
289 3
289 82
289 165
289 46
289 333
289 322
289 19
289 285
289 266
289 306
289 363
289 26
289 90
289 41
289 367
289 124
289 16
289 371
289 360
394 333
394 86
394 20
394 231
394 272
394 93
394 8
394 151
394 2
394 215
394 298
394 17
394 311
394 235
394 314
394 97
394 344
394 174
394 257
394 109
394 330
394 43
394 137
394 239
136 292
136 173
136 351
136 206
136 142
136 386
136 333
136 25
136 264
136 147
136 113
136 81
136 303
136 195
136 305
136 366
136 368
136 168
136 112
136 185
136 227
136 12
136 46
136 121
136 6
136 119
136 224
136 0
292 363
292 376
292 111
292 130
292 286
292 265
292 300
292 131
292 191
292 346
292 155
292 19
292 49
292 77
292 190
292 382
292 329
292 331
292 105
292 324
292 48
292 93
292 57
292 87
292 38
292 361
81 356
81 53
81 90
81 224
81 347
81 160
81 270
81 283
81 340
81 91
81 135
81 381
81 385
81 66
81 17
81 51
81 316
81 118
81 239
81 309
81 111
81 67
81 355
81 218
356 277
356 90
356 173
356 256
356 267
356 290
356 67
356 31
356 46
356 259
356 174
356 234
356 34
356 47
356 62
356 156
356 389
356 328
356 380
356 197
356 72
356 102
356 304
43 64
43 4
43 240
43 189
43 257
43 36
43 114
43 369
43 50
43 118
43 65
43 175
43 109
43 351
43 33
43 51
43 218
43 92
43 283
43 206
43 74
43 276
43 144
43 133
43 322
43 16
64 191
64 303
64 316
64 184
64 118
64 188
64 230
64 364
64 353
64 300
64 368
64 302
64 359
64 93
64 282
64 97
64 62
64 398
64 274
64 142
64 386
64 320
64 91
64 148
64 130
64 387
64 66
64 323
39 359
39 216
39 337
39 233
39 288
39 211
39 279
39 41
39 18
39 397
39 267
39 190
39 203
39 36
39 330
39 266
39 28
39 363
39 246
39 367
39 35
39 241
39 179
39 100
359 366
359 271
359 84
359 33
359 42
359 27
359 259
359 378
359 223
359 317
359 179
359 130
359 362
359 126
359 141
359 314
359 263
359 70
359 242
359 74
359 187
359 38
359 315
359 264
359 294
359 164
359 35
359 267
133 223
133 370
133 361
133 74
133 0
133 102
133 117
133 28
133 171
133 334
133 281
133 96
133 26
133 208
133 280
133 390
133 194
133 2
133 145
133 85
133 308
133 310
133 88
133 122
133 241
133 52
133 166
223 148
223 127
223 78
223 29
223 59
223 322
223 313
223 121
223 374
223 308
223 363
223 118
223 77
223 86
223 195
223 65
223 198
223 102
223 34
223 275
223 264
223 257
223 261
78 287
78 46
78 113
78 346
78 295
78 108
78 165
78 156
78 26
78 389
78 94
78 215
78 206
78 210
78 265
78 267
78 271
78 130
78 376
78 257
78 112
78 235
78 22
78 228
78 241
78 245
287 123
287 384
287 4
287 38
287 121
287 55
287 36
287 379
287 11
287 175
287 378
287 182
287 369
287 140
287 296
287 340
287 104
287 179
287 247
287 177
287 47
287 92
287 156
287 341
287 398
287 197
287 25
97 300
97 370
97 225
97 108
97 27
97 211
97 224
97 349
97 263
97 79
97 331
97 265
97 386
97 73
97 135
97 256
97 377
97 271
97 381
97 61
97 12
97 242
97 259
97 180
97 307
97 175
300 23
300 283
300 328
300 211
300 192
300 271
300 171
300 323
300 42
300 316
300 159
300 320
300 364
300 138
300 302
300 28
300 230
300 160
300 310
300 120
300 143
300 173
300 367
300 16
300 358
284 392
284 326
284 143
284 341
284 387
284 25
284 27
284 327
284 110
284 170
284 204
284 249
284 283
284 11
284 98
284 73
284 237
284 304
284 186
284 216
284 210
284 80
284 95
284 92
284 239
284 390
392 218
392 61
392 312
392 44
392 306
392 151
392 51
392 283
392 205
392 56
392 173
392 182
392 84
392 167
392 112
392 12
392 91
392 304
392 121
392 174
392 317
392 232
392 366
392 0
392 347
392 15
392 34
392 190
105 216
105 389
105 285
105 261
105 382
105 82
105 397
105 67
105 320
105 324
105 137
105 104
105 317
105 49
105 53
105 62
105 299
105 237
105 232
105 124
105 93
105 357
105 291
105 117
194 222
194 215
194 230
194 272
194 340
194 221
194 397
194 399
194 267
194 111
194 26
194 211
194 253
194 16
194 202
194 122
194 84
194 14
194 191
194 364
194 377
194 298
194 311
194 368
194 130
207 293
207 240
207 310
207 114
207 358
207 239
207 234
207 276
207 278
207 96
207 337
207 326
207 182
207 266
207 387
207 376
207 336
207 393
207 314
207 327
207 10
207 174
207 198
207 241
207 309
293 311
293 366
293 326
293 304
293 213
293 358
293 241
293 156
293 58
293 88
293 18
293 52
293 67
293 295
293 337
293 123
293 215
293 117
293 196
293 323
293 92
293 145
293 258
293 397
182 183
182 361
182 352
182 73
182 88
182 3
182 336
182 272
182 206
182 148
182 344
182 278
182 172
182 19
182 83
182 113
182 205
182 251
182 187
182 50
182 193
182 314
182 382
182 186
182 307
2 305
2 239
2 160
2 283
2 96
2 340
2 35
2 385
2 156
2 387
2 147
2 94
2 206
2 6
2 63
2 67
2 366
2 306
2 11
2 363
2 167
2 301
305 398
305 323
305 277
305 380
305 98
305 256
305 137
305 235
305 63
305 180
305 313
305 368
305 370
305 363
305 151
305 266
305 215
305 145
305 224
305 96
305 175
305 288
305 237
305 108
84 115
84 67
84 104
84 238
84 31
84 50
84 110
84 86
84 261
84 329
84 75
84 199
84 135
84 126
84 141
84 12
84 70
84 66
84 358
84 49
84 294
84 245
84 168
84 181
84 82
115 303
115 44
115 171
115 294
115 309
115 122
115 27
115 91
115 100
115 297
115 396
115 209
115 211
115 149
115 340
115 46
115 70
115 68
115 135
115 148
115 328
115 92
115 189
115 310
115 244
115 246
115 259
115 180
115 193
276 285
276 93
276 344
276 221
276 333
276 249
276 62
276 339
276 26
276 56
276 120
276 124
276 188
276 33
276 316
276 131
276 320
276 324
276 268
276 36
276 66
276 363
276 297
276 114
285 323
285 23
285 240
285 132
285 327
285 397
285 311
285 267
285 216
285 33
285 246
285 210
285 112
285 253
285 168
285 198
285 49
285 94
285 158
285 77
285 190
285 199
285 20
285 114
285 330
138 351
138 53
138 90
138 313
138 35
138 251
138 143
138 187
138 129
138 301
138 17
138 377
138 232
138 181
138 73
138 304
138 122
138 103
138 61
138 222
138 46
138 89
351 87
351 377
351 390
351 79
351 381
351 143
351 124
351 118
351 361
351 167
351 80
351 308
351 70
351 155
351 234
351 257
351 68
351 19
351 28
351 111
351 96
351 69
351 14
351 159
351 29
94 244
94 316
94 62
94 371
94 309
94 298
94 59
94 165
94 99
94 341
94 396
94 55
94 85
94 36
94 345
94 266
94 268
94 88
94 331
94 256
94 190
94 141
94 317
94 185
244 317
244 171
244 86
244 308
244 95
244 234
244 134
244 357
244 271
244 328
244 385
244 231
244 48
244 266
244 257
244 6
244 263
244 149
303 222
303 271
303 340
303 52
303 265
303 63
303 165
303 397
303 210
303 333
303 114
303 70
303 202
303 266
303 83
303 111
303 254
303 371
303 233
303 48
303 357
303 346
303 185
303 215
82 126
82 381
82 80
82 249
82 198
82 121
82 255
82 74
82 299
82 127
82 51
82 228
82 11
82 243
82 357
82 170
82 231
82 165
82 8
82 222
82 195
82 73
82 77
82 375
82 267
126 317
126 33
126 130
126 334
126 46
126 110
126 314
126 68
126 188
126 98
126 227
126 308
126 237
126 279
126 23
126 87
126 336
126 102
126 164
126 353
126 331
126 399
126 337
126 271
18 370
18 3
18 238
18 306
18 363
18 246
18 127
18 171
18 63
18 360
18 17
18 353
18 113
18 34
18 216
18 205
18 339
18 44
18 266
18 83
18 19
18 388
18 58
18 302
18 7
370 1
370 327
370 390
370 253
370 70
370 183
370 0
370 372
370 83
370 376
370 378
370 135
370 365
370 261
370 123
370 4
370 87
370 251
370 185
370 36
370 302
370 362
370 175
370 109
311 363
311 12
311 189
311 134
311 266
311 226
311 80
311 227
311 310
311 123
311 27
311 38
311 327
311 382
311 17
311 386
311 145
311 224
311 222
311 381
311 88
363 142
363 204
363 234
363 55
363 257
363 317
363 19
363 49
363 92
363 44
363 123
363 38
363 196
363 200
363 397
363 15
363 307
363 209
3 302
3 249
3 238
3 68
3 365
3 235
3 239
3 294
3 228
3 349
3 54
3 164
3 56
3 355
3 275
3 330
3 385
3 17
3 19
3 140
3 12
3 375
3 388
3 188
3 80
3 326
317 216
317 86
317 104
317 372
317 187
317 202
317 281
317 251
317 196
317 20
317 122
317 344
317 127
317 29
317 272
317 399
317 346
317 38
317 204
33 26
33 183
33 238
33 119
33 310
33 167
33 169
33 103
33 4
33 243
33 340
33 166
33 49
33 291
33 218
33 286
33 279
33 336
33 318
33 331
33 265
33 254
33 192
112 190
112 353
112 124
112 304
112 24
112 346
112 240
112 295
112 297
112 299
112 222
112 279
112 85
112 142
112 216
112 56
112 374
112 93
112 193
112 131
112 186
112 375
112 296
190 255
190 21
190 179
190 243
190 368
190 20
190 25
190 48
190 246
190 237
190 228
190 349
190 100
190 75
190 274
190 54
190 118
190 280
190 390
190 337
190 63
304 360
304 235
304 364
304 67
304 259
304 202
304 275
304 137
304 218
304 197
304 14
304 129
304 242
304 74
304 306
304 96
304 365
304 312
304 203
304 358
360 279
360 302
360 11
360 347
360 277
360 79
360 77
360 290
360 186
360 265
360 114
360 10
360 89
360 68
360 266
360 226
360 328
360 220
360 218
360 252
360 316
360 381
360 23
360 57
68 83
68 199
68 135
68 31
68 376
68 70
68 191
68 125
68 193
68 175
68 109
68 230
68 243
68 177
68 113
68 20
68 357
68 225
68 361
68 282
68 209
68 336
68 270
83 336
83 149
83 206
83 140
83 397
83 210
83 185
83 200
83 4
83 114
83 371
83 24
83 102
83 344
83 357
83 104
83 22
83 108
83 297
83 42
83 288
83 345
224 367
224 336
224 173
224 184
224 329
224 142
224 12
224 324
224 21
224 202
224 334
224 79
224 211
224 246
224 314
224 371
224 16
224 379
224 148
224 10
224 134
224 102
224 297
224 166
367 98
367 128
367 256
367 320
367 271
367 186
367 193
367 168
367 19
367 379
367 315
367 247
367 47
367 181
367 239
367 352
367 90
367 337
367 318
367 297
367 108
367 76
367 6
367 230
121 131
121 24
121 54
121 188
121 168
121 346
121 42
121 282
121 341
121 233
121 204
121 327
121 342
121 142
121 322
121 20
121 135
121 377
121 25
121 8
121 66
131 10
131 247
131 295
131 288
131 158
131 213
131 228
131 20
131 95
131 393
131 38
131 282
131 216
131 275
131 396
131 209
131 255
131 147
131 103
131 314
131 31
131 61
131 375
38 362
38 41
38 342
38 344
38 4
38 17
38 218
38 275
38 330
38 264
38 279
38 149
38 274
38 195
38 318
38 331
38 252
38 247
38 0
38 242
38 365
38 48
362 110
362 323
362 353
362 85
362 213
362 241
362 256
362 88
362 396
362 398
362 89
362 281
362 72
362 345
362 330
362 200
362 230
362 145
362 358
362 26
362 69
362 108
98 376
98 66
98 239
98 230
98 313
98 361
98 48
98 110
98 31
98 222
98 347
98 19
98 140
98 28
98 342
98 73
98 386
98 199
98 146
98 35
98 141
98 198
98 374
376 77
376 265
376 295
376 135
376 116
376 12
376 389
376 390
376 358
376 7
376 69
376 282
376 246
376 59
376 23
376 195
376 91
376 234
376 85
376 198
353 240
353 364
353 155
353 36
353 200
353 15
353 128
353 256
353 52
353 116
353 89
353 70
353 177
353 47
353 62
353 92
353 145
353 41
353 120
353 124
353 297
353 227
353 208
353 310
246 247
246 15
246 45
246 235
246 288
246 279
246 125
246 349
246 21
246 104
246 0
246 113
246 280
246 339
246 218
246 188
246 118
246 191
246 384
246 170
246 198
247 261
247 386
247 104
247 364
247 113
247 77
247 361
247 299
247 345
247 358
247 281
247 8
247 291
247 267
247 130
247 145
247 324
247 15
247 326
247 54
247 188
247 103
53 270
53 204
53 87
53 342
53 12
53 390
53 315
53 372
53 143
53 306
53 387
53 55
53 59
53 301
53 237
53 56
53 245
53 102
53 344
53 17
53 341
314 381
314 130
314 147
314 158
314 374
314 129
314 242
314 187
314 251
314 47
314 164
314 175
314 20
314 44
314 235
314 29
314 210
314 87
314 193
314 253
381 116
381 12
381 65
381 166
381 51
381 275
381 26
381 56
381 352
381 124
381 252
381 99
381 334
381 204
381 6
381 119
381 79
381 375
381 24
381 156
188 242
188 155
188 109
188 47
188 77
188 208
188 322
188 93
188 87
188 259
188 45
188 120
188 386
188 234
46 67
46 181
46 372
46 55
46 312
46 186
46 241
46 109
46 298
46 221
46 47
46 170
46 346
46 95
46 145
46 213
46 389
46 323
46 252
323 192
323 141
323 22
323 41
323 341
323 8
323 349
323 393
323 243
323 342
323 173
323 88
323 235
323 295
323 385
323 191
323 142
323 253
323 155
323 281
21 375
21 56
21 128
21 130
21 7
21 187
21 55
21 44
21 169
21 52
21 47
21 346
21 15
21 326
21 218
21 143
21 35
21 24
21 327
21 195
45 378
45 290
45 118
45 186
45 241
45 283
45 11
45 58
45 396
45 209
45 211
45 281
45 215
45 149
45 204
45 129
45 210
45 146
45 148
45 75
45 251
45 132
45 255
378 339
378 58
378 329
378 16
378 61
378 114
378 144
378 278
378 95
378 372
378 306
378 102
378 132
378 185
378 90
378 337
378 170
378 234
378 55
378 238
378 119
378 100
378 232
378 0
266 156
266 137
266 393
266 318
266 180
266 267
266 306
266 151
266 117
266 96
266 79
266 222
266 24
266 216
266 40
266 183
266 158
67 137
67 374
67 34
67 299
67 193
67 237
67 129
67 241
67 177
67 111
67 357
67 361
67 220
67 345
67 213
67 147
67 54
67 142
67 320
137 308
137 125
137 312
137 259
137 104
137 195
137 318
137 34
137 117
137 296
137 51
137 168
137 14
137 299
137 127
137 277
137 290
137 208
137 331
137 324
137 52
137 315
141 315
141 80
141 369
141 123
141 316
141 252
141 132
141 364
141 177
141 298
141 372
141 174
141 352
141 127
141 29
141 237
141 213
141 87
141 208
141 329
141 388
315 295
315 225
315 189
315 375
315 388
315 168
315 379
315 326
315 245
315 145
315 96
315 309
315 252
315 227
315 25
315 231
315 27
315 249
315 119
315 330
315 267
89 155
89 197
89 10
89 278
89 320
89 256
89 379
89 51
89 299
89 191
89 171
89 252
89 120
89 296
89 230
89 66
89 15
89 167
89 290
89 272
89 340
155 173
155 117
155 17
155 62
155 75
155 124
155 76
155 87
155 272
155 85
155 130
155 379
155 264
155 385
155 200
155 135
155 1
155 204
155 50
155 148
312 213
312 79
312 181
312 286
312 220
312 345
312 336
312 393
312 329
312 74
312 4
312 296
312 34
312 117
312 379
312 230
312 143
312 231
312 110
312 342
47 158
47 202
47 74
47 197
47 320
47 322
47 148
47 192
47 328
47 198
47 200
47 42
47 125
47 301
47 49
47 361
47 108
47 288
47 143
158 389
158 111
158 301
158 90
158 358
158 143
158 173
158 99
158 44
158 234
158 291
158 36
158 235
158 147
158 213
158 58
158 384
158 278
158 151
158 308
93 274
93 142
93 144
93 23
93 4
93 134
93 259
93 120
93 375
93 109
93 243
93 355
93 249
93 227
93 352
93 286
93 220
93 156
93 86
93 272
93 340
274 251
274 196
274 264
274 228
274 365
274 41
274 369
274 14
274 186
274 76
274 140
274 278
274 253
274 147
274 396
274 226
274 156
274 135
274 233
274 129
274 159
22 198
22 72
22 61
22 184
22 173
22 228
22 120
22 241
22 8
22 41
22 175
22 11
22 159
22 280
22 282
22 88
22 398
22 334
22 26
22 12
22 393
22 85
22 382
22 329
22 148
169 337
169 145
169 277
169 189
169 52
169 167
169 369
169 31
169 42
169 197
169 252
169 140
169 258
169 128
169 220
169 116
169 222
169 14
169 25
169 104
169 72
169 267
174 384
174 99
174 175
174 42
174 85
174 66
174 352
174 100
174 233
174 49
174 0
174 235
174 237
174 279
174 221
174 278
174 144
174 324
174 385
174 270
384 306
384 385
384 330
384 211
384 324
384 377
384 331
384 365
384 48
384 261
384 142
384 206
384 27
384 279
384 100
384 209
384 371
384 24
384 397
384 167
384 386
384 278
213 259
213 205
213 318
213 254
213 313
213 249
213 291
213 85
213 198
213 79
213 143
213 54
213 77
213 125
213 328
213 255
213 310
177 389
177 87
177 110
177 170
177 369
177 195
177 55
177 36
177 66
177 364
177 366
177 185
177 365
177 345
177 172
177 0
177 51
177 56
177 280
177 218
177 330
177 374
389 328
389 382
389 16
389 316
389 48
389 398
389 172
389 72
389 117
389 268
389 302
389 145
389 75
389 288
389 146
389 255
389 40
389 119
366 382
366 110
366 6
366 168
366 0
366 109
366 290
366 7
366 171
366 1
366 208
366 187
366 251
366 185
366 399
366 358
366 56
366 90
366 20
366 301
366 316
366 235
366 216
125 199
125 333
125 15
125 63
125 242
125 365
125 70
125 316
125 184
125 228
125 49
125 230
125 168
125 16
125 352
125 167
125 14
125 226
125 349
125 140
125 221
125 85
199 390
199 189
199 337
199 40
199 70
199 198
199 264
199 259
199 252
199 184
199 35
199 309
199 243
199 379
199 4
199 220
199 288
199 345
199 279
199 122
199 86
199 116
130 369
130 280
130 34
130 113
130 209
130 156
130 281
130 349
130 206
130 261
130 208
130 144
130 27
130 387
130 299
130 54
264 277
264 156
264 270
264 35
264 61
264 320
264 261
264 322
264 215
264 256
264 69
264 48
264 127
264 296
264 355
264 140
264 91
264 40
264 119
264 337
277 16
277 294
277 69
277 283
277 298
277 197
277 170
277 200
277 328
277 119
277 198
277 258
277 334
277 58
277 309
277 193
277 253
277 0
277 132
277 297
308 320
308 256
308 73
308 86
308 165
308 40
308 74
308 19
308 296
308 196
308 192
308 245
308 62
308 226
308 233
308 23
308 140
308 91
308 149
308 100
320 159
320 74
320 34
320 156
320 26
320 69
320 103
320 291
320 108
320 341
320 185
320 298
320 36
320 283
320 237
320 52
320 63
320 379
320 31
320 225
74 76
74 28
74 26
74 242
74 25
74 186
74 66
74 221
74 113
74 357
74 346
74 218
74 110
74 86
74 103
74 334
74 1
74 149
146 258
146 330
146 187
146 242
146 202
146 171
146 184
146 120
146 124
146 164
146 29
146 280
146 227
146 270
146 393
146 340
146 263
146 397
146 135
146 267
146 322
258 299
258 1
258 129
258 10
258 238
258 296
258 187
258 202
258 117
258 220
258 271
258 69
258 387
258 127
258 29
258 272
258 327
258 76
258 57
258 382
258 85
258 24
258 58
258 63
258 297
104 261
104 103
104 331
104 134
104 124
104 245
104 225
104 159
104 227
104 218
104 398
104 347
104 90
104 281
104 202
104 16
261 238
261 333
261 147
261 117
261 341
261 7
261 171
261 90
261 165
261 50
261 196
261 230
261 302
261 209
261 235
261 31
261 65
261 259
261 234
238 318
238 191
238 313
238 204
238 306
238 28
238 283
238 296
238 65
238 10
238 346
238 134
238 187
238 113
238 215
238 160
238 398
238 205
238 90
42 322
42 361
42 231
42 57
42 299
42 59
42 180
42 6
42 17
42 164
42 166
42 286
42 281
42 149
42 70
42 380
42 151
42 85
42 327
42 87
42 263
42 307
322 10
322 371
322 344
322 357
322 352
322 197
322 59
322 191
322 387
322 251
322 110
322 380
322 119
322 307
322 290
322 171
281 117
281 90
281 122
281 167
281 374
281 8
281 170
281 66
281 291
281 337
281 263
281 341
281 25
281 10
281 336
390 144
390 361
390 342
390 272
390 117
390 164
390 96
390 205
390 26
390 222
390 167
390 189
390 15
390 241
390 192
390 286
390 58
390 171
390 165
148 399
148 114
148 388
148 23
148 132
148 393
148 307
148 69
148 364
148 368
148 249
148 372
148 172
148 288
148 147
148 237
148 88
375 387
375 140
375 10
375 19
375 296
375 245
375 56
375 41
375 337
375 316
375 123
375 393
375 11
375 109
375 290
375 88
375 301
375 379
375 195
387 220
387 254
387 95
387 297
387 270
387 279
387 209
387 352
387 203
387 99
387 290
387 122
387 63
387 127
387 374
387 91
387 179
387 19
387 183
387 326
294 398
294 268
294 288
294 382
294 143
294 222
294 124
294 237
294 385
294 374
294 297
294 119
294 301
294 72
294 102
294 369
294 117
294 28
294 111
294 7
294 172
294 341
398 245
398 7
398 124
398 208
398 25
398 310
398 355
398 8
398 166
398 347
398 58
398 88
398 52
398 144
398 189
398 70
398 257
398 364
295 267
295 69
295 29
295 59
295 57
295 189
295 183
295 340
295 79
295 346
295 339
295 61
295 197
295 10
295 393
295 117
295 196
295 279
295 243
123 331
123 265
123 54
123 80
123 251
123 198
123 307
123 254
123 243
123 298
123 166
123 181
123 302
123 183
123 14
123 108
123 339
123 336
227 344
227 59
227 168
227 149
227 270
227 318
227 24
227 313
227 302
227 306
227 172
227 290
227 283
227 296
227 96
227 232
227 41
344 172
344 206
344 23
344 87
344 117
344 268
344 66
344 122
344 336
344 134
344 149
344 296
344 34
344 365
344 239
344 90
344 50
344 263
333 272
333 393
333 328
333 205
333 222
333 122
333 255
333 76
333 27
333 189
333 253
333 66
333 371
333 0
333 147
333 211
333 357
333 346
333 80
70 397
70 388
70 52
70 185
70 371
70 17
70 166
70 234
70 159
70 156
70 27
70 270
70 195
397 272
397 49
397 132
397 215
397 56
397 222
397 337
397 118
397 271
397 231
397 195
397 36
397 119
397 211
397 61
240 283
240 69
240 235
240 110
240 40
240 341
240 168
240 259
240 165
240 388
240 48
240 23
240 372
240 8
240 87
240 310
240 96
240 120
240 143
240 173
283 151
283 358
283 17
283 41
283 142
283 259
283 36
283 336
283 211
283 156
283 88
283 379
283 197
283 297
245 85
245 371
245 202
245 79
245 181
245 88
245 239
245 171
245 218
245 374
245 20
245 301
245 369
245 185
245 62
245 124
245 282
245 339
23 111
23 10
23 221
23 159
23 99
23 88
23 222
23 279
23 202
23 254
23 73
23 233
23 301
23 50
23 52
23 296
23 96
4 232
4 278
4 29
4 326
4 31
4 286
4 75
4 35
4 145
4 200
4 202
4 15
4 14
4 124
4 310
4 44
4 369
4 237
4 52
336 330
336 41
336 331
336 282
336 50
336 197
336 242
336 272
336 76
336 91
336 6
336 168
336 15
336 65
326 165
326 208
326 132
326 117
326 111
326 92
326 26
326 120
326 118
326 252
326 316
326 57
326 87
326 189
326 399
326 36
326 330
326 345
326 334
233 280
233 15
233 271
233 140
233 329
233 193
233 55
233 100
233 147
233 368
233 374
233 50
233 44
233 208
233 108
233 349
233 57
233 340
233 234
233 51
233 160
233 399
280 263
280 8
280 301
280 279
280 160
280 290
280 143
280 364
280 340
280 118
280 357
280 216
280 80
280 259
280 232
280 113
280 309
44 225
44 346
44 282
44 20
44 145
44 92
44 129
44 388
44 80
44 385
44 132
44 66
44 59
44 116
44 358
44 307
44 164
44 56
41 341
41 288
41 268
41 202
41 203
41 75
41 40
41 374
41 134
41 61
41 50
41 7
41 65
41 307
41 120
41 166
41 91
41 225
352 120
352 297
352 265
352 170
352 36
352 179
352 313
352 202
352 128
352 86
352 165
352 116
352 329
352 1
352 80
352 129
352 342
352 159
352 196
113 327
113 57
113 8
113 87
113 197
113 324
113 128
113 255
113 371
113 309
113 102
113 159
113 209
113 279
216 180
216 50
216 197
216 8
216 196
216 11
216 109
216 143
216 339
216 385
216 110
216 193
216 128
216 307
216 92
216 156
55 358
55 118
55 239
55 252
55 291
55 12
55 282
55 95
55 90
55 160
55 151
55 393
55 7
55 263
55 35
55 385
55 185
55 119
55 257
358 347
358 186
358 86
358 299
358 191
358 95
358 342
358 134
358 119
358 181
358 156
358 371
358 165
358 331
239 215
239 164
239 334
239 15
239 329
239 156
239 171
239 313
239 368
239 10
239 253
239 117
239 298
239 14
239 357
239 142
203 242
203 297
203 95
203 19
203 215
203 151
203 208
203 143
203 124
203 184
203 118
203 20
203 127
203 206
203 193
203 66
203 371
203 379
203 313
203 355
203 156
263 257
263 183
263 51
263 226
263 334
263 35
263 25
263 8
263 151
263 110
263 15
263 228
263 222
263 58
263 1
263 225
263 342
263 259
263 278
263 291
222 242
222 7
222 173
222 124
222 369
222 225
222 346
222 243
222 206
222 151
222 215
242 140
242 170
242 255
242 149
242 318
242 379
242 69
242 306
242 29
242 72
242 166
242 36
242 164
242 15
120 231
120 288
120 145
120 0
120 272
120 342
120 399
120 1
120 80
120 12
120 19
120 129
120 234
231 282
231 271
231 12
231 225
231 345
231 202
231 183
231 318
231 267
231 156
231 313
231 306
231 134
231 301
231 290
231 72
231 132
231 349
231 96
231 232
215 210
215 91
215 6
215 259
215 15
215 307
215 192
215 54
215 77
215 291
215 40
215 202
66 116
66 166
66 179
66 355
66 61
66 26
66 56
66 142
66 59
66 189
66 365
66 299
116 249
116 196
116 251
116 374
116 380
116 171
116 318
116 252
116 282
116 341
116 211
116 147
116 349
116 25
116 29
116 142
116 144
116 265
116 386
191 135
191 86
191 114
191 228
191 134
191 230
191 342
191 166
191 90
191 69
191 103
191 59
191 259
191 197
191 6
191 168
191 309
108 234
108 291
108 172
108 361
108 275
108 143
108 149
108 0
108 386
108 256
108 52
108 63
108 368
108 183
108 51
108 96
108 309
108 298
234 386
234 243
234 110
234 204
234 181
234 279
234 180
234 296
234 230
234 173
234 69
234 20
183 369
183 1
183 249
183 286
183 288
183 56
183 7
183 230
183 59
183 388
183 36
183 339
183 275
183 196
183 75
183 189
183 202
80 135
80 377
80 86
80 249
80 372
80 49
80 132
80 72
80 365
80 257
80 299
80 380
80 195
80 230
80 164
80 6
80 15
80 149
135 95
135 196
135 259
135 111
135 186
135 225
135 165
135 171
135 393
135 164
135 24
135 221
135 265
135 399
124 218
124 12
124 365
124 235
124 10
124 339
124 257
124 380
124 318
124 241
124 73
124 118
142 232
142 179
142 302
142 92
142 339
142 235
142 127
142 11
142 385
142 310
142 52
142 195
142 237
142 371
232 221
232 110
232 388
232 364
232 324
232 79
232 210
232 195
232 144
232 347
232 159
232 40
232 278
232 122
302 371
302 189
302 364
302 140
302 193
302 100
302 179
302 211
302 339
302 88
302 114
302 329
302 111
302 96
302 267
302 365
198 256
198 129
198 249
198 361
198 72
198 28
198 288
198 96
198 50
198 210
198 339
198 170
198 75
198 268
198 204
299 173
299 374
299 31
299 371
299 253
299 119
299 92
299 56
299 220
299 396
299 197
299 14
299 27
299 185
299 249
189 357
189 372
189 180
189 185
189 56
189 143
189 173
189 341
189 127
189 27
189 310
230 237
230 196
230 160
230 100
230 145
230 271
230 210
230 61
230 65
230 110
230 211
230 56
230 171
230 118
230 127
237 122
237 167
237 12
237 40
237 328
237 111
237 255
237 268
237 50
237 313
237 140
197 339
197 62
197 26
197 318
197 129
197 76
197 357
197 175
197 365
197 88
197 347
197 52
197 1
377 110
377 10
377 132
377 147
377 111
377 337
377 35
377 20
377 297
377 129
377 25
377 272
377 270
377 151
377 17
377 160
377 100
377 109
377 256
10 144
10 25
10 0
10 257
10 48
10 184
10 355
10 92
10 15
10 327
10 340
271 306
271 65
271 369
271 102
271 36
271 175
271 291
271 267
271 31
271 255
271 40
271 204
271 327
271 388
271 192
271 77
26 167
26 140
26 316
26 76
26 331
26 192
26 128
26 6
26 17
26 361
26 365
26 129
26 171
26 1
26 31
210 379
210 368
210 357
210 132
210 196
210 175
210 167
210 221
210 355
210 91
210 324
210 85
210 192
210 63
210 309
210 65
379 12
379 327
379 144
379 49
379 388
379 241
379 51
379 90
379 272
379 187
379 109
379 77
379 396
156 382
156 307
156 175
156 296
156 36
156 301
156 61
156 388
156 72
90 62
90 226
90 327
90 254
90 205
90 328
90 372
90 385
90 380
90 195
90 100
90 346
193 331
193 265
193 243
193 165
193 29
193 134
193 226
193 160
193 225
193 184
193 99
193 339
193 186
193 268
193 259
193 393
331 134
331 132
331 92
331 118
331 252
331 27
331 87
331 211
331 192
331 24
331 349
331 329
172 208
172 399
172 110
172 255
172 75
172 257
172 147
172 380
172 184
172 241
172 179
172 313
172 355
172 34
172 166
172 117
172 56
208 278
208 225
208 187
208 181
208 62
208 257
208 99
208 382
208 357
208 79
208 365
208 220
208 349
208 1
208 114
208 340
58 372
58 187
58 200
58 134
58 6
58 301
58 235
58 63
58 218
58 279
58 140
58 11
58 318
58 144
58 256
58 249
372 63
372 165
372 361
372 159
372 204
372 345
372 349
372 330
372 96
372 220
372 103
372 48
372 340
372 272
372 209
65 267
65 255
65 31
65 122
65 355
65 168
65 225
65 117
65 361
65 220
65 209
65 290
65 145
65 54
65 92
65 393
267 374
267 95
267 257
267 251
267 345
267 28
267 16
267 334
267 79
267 211
267 61
369 347
369 256
369 220
369 31
369 159
369 306
369 72
369 151
369 396
369 254
369 252
369 316
369 225
369 27
374 180
374 361
374 181
374 211
374 7
374 399
374 337
374 16
374 297
374 310
374 355
374 185
374 298
374 279
165 316
165 371
165 184
165 296
165 149
165 291
165 12
165 226
165 166
165 132
95 16
95 324
95 14
95 306
95 255
95 75
95 171
95 170
95 117
95 159
95 361
95 341
95 347
95 393
62 103
62 270
62 61
62 272
62 87
62 252
62 313
62 28
62 73
62 117
62 119
62 35
62 180
62 309
62 109
62 243
62 6
167 50
167 365
167 226
167 340
167 221
167 15
167 128
167 109
167 255
167 29
167 59
167 134
167 132
167 175
270 364
270 166
270 111
270 175
270 399
270 291
270 282
270 184
270 218
270 35
270 252
270 316
270 164
270 243
270 306
259 128
259 35
259 385
259 235
259 48
259 31
259 195
259 91
144 388
144 200
144 20
144 166
144 181
144 27
144 170
144 291
144 306
144 282
144 235
144 24
144 347
144 160
144 393
144 386
388 40
388 221
388 330
388 35
388 316
388 29
388 11
388 73
388 301
388 382
102 151
102 76
102 313
102 54
102 187
102 382
102 371
102 318
102 186
102 168
102 16
102 279
102 334
102 160
149 252
149 254
149 249
149 48
149 127
149 59
149 279
149 226
149 329
149 192
149 185
149 40
129 265
129 19
129 49
129 34
129 382
129 184
129 17
129 170
129 291
129 275
129 160
129 151
265 166
265 122
265 357
265 29
265 59
265 204
265 243
265 380
265 192
265 77
265 114
0 380
0 254
0 196
0 251
0 171
0 118
0 168
0 170
0 143
0 11
0 79
380 330
380 73
380 396
380 218
380 342
380 25
380 59
380 306
380 221
380 298
380 111
380 228
380 173
380 122
380 40
151 72
151 117
151 399
151 35
151 16
151 275
151 253
151 204
151 87
151 195
151 192
151 345
16 12
16 220
16 279
16 200
16 28
16 204
16 206
16 256
16 192
16 171
16 349
16 355
16 357
16 170
337 20
337 291
337 342
337 313
337 175
337 24
337 301
337 103
337 52
337 49
337 34
337 355
337 226
337 7
160 103
160 14
160 275
160 251
160 140
160 211
160 180
160 128
160 173
160 306
160 286
160 19
385 52
385 61
385 297
385 291
385 272
385 196
385 111
385 324
385 145
385 175
385 209
385 76
143 365
143 180
143 86
143 345
143 50
143 51
143 218
143 209
143 253
143 122
143 48
399 159
399 268
399 235
399 48
399 278
399 110
399 368
399 179
399 34
399 275
399 31
35 330
35 87
35 119
35 255
35 349
35 243
35 364
35 221
103 56
103 69
103 340
103 19
103 128
103 187
103 268
103 310
103 1
103 318
103 186
103 296
103 109
103 122
103 313
221 346
221 51
221 339
221 173
221 272
221 393
221 91
221 170
221 298
221 249
221 192
221 220
221 290
221 25
111 100
111 88
111 192
111 63
111 330
111 185
111 255
111 96
111 346
111 20
220 396
220 184
220 386
220 8
220 200
220 147
220 296
220 355
220 72
220 225
220 282
396 99
396 206
396 27
396 8
396 87
396 243
396 307
396 31
396 195
396 278
396 364
396 296
396 34
25 278
25 29
25 99
25 209
25 28
25 307
25 253
25 59
25 228
173 24
173 77
173 346
173 12
173 205
173 40
173 268
173 371
173 254
173 57
278 368
278 117
278 51
278 75
278 99
278 347
278 110
278 85
278 49
278 28
278 73
180 257
180 184
180 309
180 147
180 225
180 51
180 7
180 118
180 228
180 29
180 349
180 327
180 27
180 17
11 114
11 52
11 54
11 296
11 29
11 275
11 24
11 72
11 87
11 313
11 73
114 75
114 79
114 205
114 77
114 268
114 257
114 127
114 241
114 122
114 168
114 291
114 48
114 349
114 164
114 91
117 206
117 76
117 19
117 109
117 200
117 166
117 282
171 268
171 202
171 184
171 309
171 364
171 132
171 228
171 72
15 226
15 91
15 218
15 209
15 345
15 69
15 192
15 368
15 255
69 218
69 341
69 275
69 279
69 85
69 206
69 128
69 77
69 200
69 255
69 72
69 243
69 63
69 291
159 14
159 27
159 57
159 209
159 145
159 318
159 31
159 170
159 110
159 40
159 339
159 235
159 92
122 251
122 87
122 349
122 7
122 340
122 86
122 339
122 187
122 334
122 368
251 1
251 253
251 196
251 175
251 59
251 140
251 249
251 17
251 286
251 75
251 345
110 192
110 365
110 286
110 288
110 235
140 241
140 364
140 72
140 181
140 341
140 20
140 228
140 85
140 17
241 6
241 100
241 382
241 254
241 206
241 196
241 28
241 200
241 272
241 175
241 205
241 14
272 346
272 181
272 330
272 310
272 31
272 134
297 346
297 24
297 341
297 76
297 179
297 19
297 49
297 296
297 79
297 313
297 196
297 364
87 355
87 99
87 88
87 211
87 57
87 386
87 324
256 34
256 28
256 56
256 7
256 291
256 91
256 257
256 164
256 243
256 128
256 77
346 57
346 17
346 75
346 209
346 79
346 386
346 96
179 254
179 6
179 355
179 24
179 54
179 228
179 34
179 92
179 310
179 63
73 235
73 371
73 228
73 309
73 164
73 72
73 166
73 368
73 51
73 56
73 282
73 209
73 206
364 382
364 109
364 31
364 92
364 96
364 309
364 310
364 29
249 1
249 298
249 340
249 34
249 286
249 211
249 334
249 365
341 365
341 252
341 371
341 228
341 209
341 109
341 63
341 257
341 324
365 202
365 19
365 28
365 309
365 127
365 85
306 324
306 96
306 218
306 85
306 288
306 327
255 298
255 86
255 61
255 49
255 50
255 225
255 327
298 307
298 211
298 345
298 327
298 329
298 252
298 282
298 50
298 310
12 226
12 54
12 268
12 202
12 204
12 85
253 77
253 286
253 347
253 92
253 296
253 56
253 20
253 59
253 225
253 57
257 28
257 254
257 51
257 243
257 175
257 48
329 368
329 19
329 226
329 318
329 291
329 204
329 147
329 192
329 286
329 54
329 88
329 393
368 225
368 40
368 100
368 92
368 134
368 386
368 200
368 51
368 328
368 347
368 307
204 355
204 99
204 345
204 57
204 328
204 86
204 334
204 168
211 268
211 393
211 386
211 127
211 288
211 109
211 235
211 342
268 355
268 76
268 8
268 196
268 85
268 228
268 75
268 316
268 184
268 77
218 316
218 119
218 340
218 342
330 386
330 27
330 57
330 36
330 17
330 51
330 195
86 200
86 195
86 252
86 361
86 63
86 88
86 345
86 91
7 147
7 382
7 76
7 128
7 288
7 127
7 48
7 184
7 226
7 34
386 72
386 324
386 205
386 127
386 88
386 301
386 382
386 61
118 85
118 54
118 206
118 328
118 14
118 355
118 181
127 339
127 40
127 324
127 209
127 132
127 17
225 6
225 85
225 334
225 51
225 175
225 318
225 307
164 290
164 72
164 226
164 324
164 200
164 310
164 254
164 355
164 181
164 185
164 286
290 342
290 100
290 49
290 339
290 181
290 226
290 52
290 347
290 327
290 252
290 14
50 282
50 339
50 288
50 279
50 309
50 205
50 301
50 243
50 168
85 307
85 243
85 226
85 349
145 334
145 147
145 187
145 75
145 310
145 286
29 286
29 334
29 72
29 206
29 119
29 48
29 347
282 286
282 327
282 100
282 228
282 309
282 24
282 88
282 63
282 347
282 147
99 286
99 334
99 340
99 36
99 254
99 54
99 77
99 185
99 200
99 195
99 252
99 175
99 34
99 168
99 357
99 170
48 357
48 393
48 342
48 77
48 252
48 186
48 8
48 296
357 291
357 195
357 76
357 1
357 34
357 185
357 393
59 24
59 328
59 31
59 206
59 313
59 181
59 196
59 347
252 77
252 14
24 307
24 54
24 36
24 17
24 147
24 192
24 196
318 339
318 334
318 28
318 361
318 340
318 342
339 76
339 91
339 307
339 1
339 327
235 57
235 132
235 6
235 200
168 76
168 6
168 77
168 88
168 301
168 275
79 184
79 27
79 275
79 349
79 91
79 196
291 327
291 195
1 175
1 166
1 181
1 27
1 279
1 147
1 8
54 347
54 349
54 243
54 19
54 316
54 324
77 181
77 288
77 14
77 75
371 307
371 181
371 96
371 382
371 310
132 327
132 328
132 72
132 134
132 296
132 100
132 147
279 334
209 301
209 187
209 75
209 91
209 28
301 288
301 19
301 296
301 96
301 76
301 27
301 57
301 8
301 170
202 286
202 166
202 228
202 31
202 61
202 134
76 19
76 170
76 92
76 206
76 324
76 328
170 309
170 8
170 147
170 49
170 166
170 96
309 119
309 49
309 109
309 316
309 254
309 14
288 345
288 349
288 340
288 355
288 6
288 34
288 28
40 313
40 196
40 57
40 355
40 286
40 345
72 185
72 8
72 51
72 61
347 205
347 228
347 310
347 19
347 324
347 226
347 8
382 49
382 128
382 226
382 310
382 228
382 75
382 184
382 63
382 342
14 51
14 27
14 75
14 196
14 186
14 228
49 186
49 324
49 275
275 324
275 186
275 61
275 340
275 19
61 328
61 226
61 228
61 340
61 57
61 254
51 186
51 34
187 31
187 334
187 181
187 56
187 192
187 361
187 91
187 36
92 185
92 361
92 36
92 200
92 109
192 316
192 181
192 345
192 393
192 119
192 100
254 134
254 128
254 393
254 307
254 20
254 57
254 205
254 355
328 243
328 96
328 205
328 186
328 147
166 206
166 109
166 96
393 205
393 334
393 17
393 128
20 206
20 17
20 310
20 52
20 355
36 52
36 345
36 128
36 185
36 200
52 119
52 200
52 310
52 175
52 226
342 91
342 119
342 316
134 324
134 205
134 196
134 334
134 226
6 186
6 307
6 286
186 17
186 184
186 307
186 243
186 27
355 57
355 313
355 184
75 184
75 175
75 296
75 200
361 226
361 196
313 31
313 147
313 181
310 31
310 327
310 100
31 28
19 195
19 63
195 34
195 96
195 206
128 296
128 286
128 226
128 228
128 327
200 27
200 100
28 316
28 228
28 88
334 206
334 17
334 34
327 340
63 226
63 100
63 286
63 316
324 185
324 56
324 286
324 88
96 119
56 175
56 243
206 184
206 91
147 181
88 57
196 27
184 175
184 243
175 349
175 109
316 226
316 27
181 91
181 286
181 349
57 34
57 8
205 286
17 340
17 345
17 119
8 185
286 349
34 349
185 109