400 4000
132 268
132 225
132 359
132 40
132 192
132 270
132 71
132 88
132 121
132 206
132 2
132 330
132 241
132 145
132 387
132 376
132 156
132 94
132 81
132 292
268 224
268 370
268 284
268 385
268 352
268 189
268 140
268 374
268 24
268 188
268 251
268 257
268 88
268 185
268 180
268 232
268 52
268 265
268 219
219 336
219 88
219 206
219 269
219 141
219 380
219 272
219 392
219 230
219 328
219 220
219 285
219 298
219 61
219 112
219 205
219 14
219 288
219 356
336 282
336 163
336 277
336 307
336 78
336 29
336 242
336 355
336 96
336 148
336 236
336 26
336 380
336 267
336 107
336 110
336 173
336 217
336 6
130 344
130 8
130 334
130 90
130 301
130 281
130 192
130 139
130 36
130 307
130 264
130 210
130 75
130 78
130 59
130 167
130 125
130 320
130 7
130 178
344 178
344 61
344 195
344 398
344 365
344 108
344 92
344 137
344 189
344 380
344 193
344 204
344 234
344 135
344 271
344 133
344 22
344 385
344 111
231 310
231 57
231 378
231 276
231 387
231 279
231 246
231 357
231 334
231 248
231 204
231 313
231 14
231 49
231 15
231 81
231 92
231 328
231 148
231 214
310 375
310 345
310 194
310 176
310 379
310 323
310 368
310 121
310 185
310 2
310 393
310 281
310 204
310 252
310 67
310 384
310 199
310 211
310 307
84 148
84 127
84 238
84 326
84 381
84 348
84 62
84 173
84 87
84 352
84 329
84 56
84 142
84 86
84 318
84 89
84 29
84 376
84 4
84 181
148 298
148 389
148 346
148 202
148 169
148 128
148 370
148 203
148 173
148 13
148 205
148 293
148 305
148 35
148 386
148 85
148 163
283 357
283 334
283 234
283 301
283 54
283 85
283 366
283 69
283 290
283 271
283 335
283 136
283 33
283 384
283 44
283 214
283 277
283 106
283 250
283 321
357 28
357 232
357 158
357 56
357 7
357 211
357 10
357 286
357 228
357 38
357 154
357 206
357 223
357 82
357 394
357 279
357 39
357 280
36 71
36 136
36 194
36 216
36 62
36 13
36 274
36 218
36 74
36 110
36 10
36 179
36 156
36 254
36 221
36 299
36 302
36 0
36 314
71 66
71 382
71 372
71 152
71 230
71 177
71 1
71 386
71 156
71 277
71 365
71 103
71 4
71 24
71 379
71 127
71 192
71 338
169 335
169 171
169 393
169 170
169 142
169 215
169 228
169 159
169 260
169 394
169 361
169 350
169 186
169 297
169 56
169 208
169 244
169 18
169 355
335 232
335 213
335 127
335 50
335 92
335 178
335 129
335 211
335 162
335 277
335 325
335 40
335 267
335 366
335 300
335 118
335 301
335 304
18 282
18 360
18 183
18 395
18 218
18 195
18 31
18 76
18 133
18 309
18 80
18 312
18 377
18 124
18 258
18 116
18 204
18 60
18 50
282 293
282 381
282 52
282 347
282 350
282 179
282 191
282 197
282 316
282 352
282 28
282 127
282 160
282 79
282 175
282 355
282 153
282 170
40 41
40 273
40 222
40 375
40 115
40 278
40 346
40 94
40 290
40 270
40 194
40 63
40 128
40 239
40 186
40 42
40 251
40 107
41 155
41 99
41 318
41 164
41 88
41 3
41 45
41 166
41 123
41 70
41 380
41 379
41 369
41 159
41 280
41 260
41 106
41 73
41 108
85 192
85 2
85 171
85 327
85 186
85 208
85 296
85 354
85 308
85 164
85 311
85 45
85 255
85 222
85 103
85 224
85 236
85 226
192 211
192 256
192 67
192 100
192 11
192 280
192 224
192 213
192 193
192 143
192 145
192 190
192 196
192 317
192 183
192 208
89 342
89 152
89 119
89 122
89 364
89 233
89 76
89 343
89 267
89 201
89 213
89 53
89 93
89 250
89 106
89 14
89 44
89 13
89 110
342 225
342 58
342 91
342 337
342 217
342 141
342 68
342 102
342 166
342 35
342 180
342 167
342 94
342 65
342 144
342 67
342 362
342 178
342 129
185 279
185 236
185 238
185 215
185 184
185 101
185 53
185 147
185 133
185 221
185 198
185 319
185 25
185 126
185 356
185 112
185 303
185 171
279 213
279 345
279 12
279 78
279 347
279 4
279 129
279 21
279 237
279 373
279 375
279 248
279 174
279 234
279 52
279 55
279 221
14 168
14 145
14 37
14 367
14 114
14 15
14 51
14 93
14 348
14 295
14 166
14 349
14 195
14 331
14 0
14 156
14 398
168 183
168 12
168 127
168 260
168 194
168 131
168 396
168 56
168 242
168 274
168 332
168 188
168 286
168 58
168 256
168 138
168 118
168 290
168 214
173 341
173 275
173 363
173 297
173 264
173 3
173 66
173 67
173 376
173 133
173 212
173 80
173 78
173 114
173 142
173 10
173 194
341 204
341 339
341 218
341 201
341 281
341 22
341 101
341 235
341 359
341 118
341 263
341 103
341 164
341 211
341 241
341 9
341 324
341 278
341 98
112 331
112 265
112 121
112 199
112 365
112 46
112 246
112 334
112 26
112 147
112 87
112 151
112 2
112 360
112 186
112 17
112 99
112 230
331 325
331 194
331 10
331 361
331 242
331 385
331 362
331 394
331 234
331 384
331 207
331 237
331 363
331 230
331 261
331 245
331 98
331 292
186 280
186 93
186 4
186 138
186 38
186 152
186 183
186 354
186 246
186 145
186 311
186 26
186 235
186 189
186 323
186 139
280 50
280 98
280 128
280 383
280 350
280 284
280 264
280 123
280 124
280 23
280 373
280 270
280 388
280 198
280 68
280 183
211 233
211 206
211 141
211 312
211 8
211 359
211 138
211 82
211 361
211 33
211 115
211 17
211 229
211 363
211 147
258 385
258 34
258 136
258 334
258 213
258 81
258 131
258 305
258 393
258 193
258 327
258 271
258 251
258 263
258 338
258 141
258 202
258 396
258 265
385 209
385 305
385 126
385 269
385 384
385 55
385 299
385 301
385 119
385 198
385 379
385 180
385 294
385 131
385 181
385 24
39 81
39 48
39 326
39 83
39 292
39 138
39 62
39 382
39 339
39 275
39 222
39 91
39 68
39 287
39 58
39 123
39 355
39 82
39 72
81 69
81 20
81 332
81 82
81 15
81 104
81 79
81 129
81 371
81 249
81 153
81 100
81 175
81 288
81 111
81 17
138 240
138 136
138 272
138 274
138 287
138 114
138 333
138 290
138 257
138 246
138 281
138 150
138 57
138 228
138 326
138 119
240 319
240 115
240 87
240 183
240 0
240 6
240 66
240 51
240 79
240 291
240 210
240 248
240 378
240 212
240 90
240 13
240 350
240 154
240 105
79 154
79 275
79 288
79 386
79 179
79 61
79 201
79 322
79 301
79 149
79 371
79 328
79 64
79 48
79 263
79 34
79 197
154 393
154 229
154 297
154 375
154 220
154 210
154 366
154 343
154 356
154 290
154 193
154 349
154 75
154 303
154 48
154 51
154 361
128 275
128 389
128 20
128 25
128 42
128 48
128 29
128 250
128 204
128 251
128 143
128 70
128 218
128 24
128 175
128 8
128 374
275 143
275 203
275 388
275 187
275 207
275 367
275 123
275 91
275 5
275 82
275 63
275 252
275 327
275 116
275 304
275 209
8 162
8 198
8 96
8 364
8 174
8 134
8 277
8 365
8 332
8 299
8 122
8 13
8 391
8 247
8 204
8 60
8 196
27 372
27 31
27 243
27 210
27 111
27 35
27 365
27 37
27 271
27 61
27 28
27 270
27 247
27 358
27 361
27 338
27 207
27 196
27 52
27 317
372 300
372 104
372 290
372 321
372 49
372 103
372 133
372 208
372 31
372 391
372 288
372 111
372 92
372 360
372 239
372 7
372 171
372 394
162 188
162 220
162 376
162 323
162 267
162 257
162 47
162 3
162 390
162 360
162 291
162 182
162 260
162 45
162 383
162 137
162 140
162 297
188 76
188 194
188 328
188 285
188 170
188 199
188 187
188 55
188 276
188 200
188 321
188 146
188 149
188 301
188 389
188 82
188 114
66 293
66 129
66 10
66 304
66 317
66 140
66 87
66 351
66 20
66 255
66 209
66 244
66 25
66 47
66 269
66 147
66 238
165 193
165 291
165 90
165 172
165 351
165 207
165 295
165 35
165 166
165 287
165 17
165 218
165 72
165 86
165 299
165 187
165 288
165 255
165 312
165 159
193 100
193 328
193 47
193 199
193 297
193 78
193 51
193 234
193 355
193 46
193 288
193 235
193 323
193 93
193 316
325 248
325 202
325 232
325 101
325 295
325 53
325 194
325 347
325 277
325 272
325 26
325 174
325 256
325 289
325 319
325 38
325 361
325 166
51 91
51 146
51 322
51 47
51 160
51 150
51 382
51 17
51 228
51 172
51 394
51 73
51 262
51 75
51 109
51 35
91 118
91 350
91 363
91 230
91 15
91 311
91 222
91 343
91 323
91 398
91 267
91 236
91 304
91 171
91 328
91 174
109 298
109 399
109 376
109 330
109 43
109 136
109 104
109 5
109 379
109 358
109 315
109 229
109 294
109 284
109 29
109 110
109 273
109 286
109 276
298 54
298 370
298 38
298 350
298 104
298 319
298 262
298 251
298 149
298 122
298 378
298 354
298 324
298 78
298 160
298 294
298 32
209 276
209 174
209 245
209 120
209 102
209 247
209 345
209 314
209 327
209 53
209 146
209 98
209 371
209 217
209 44
209 262
209 350
334 227
334 181
334 260
334 244
334 42
334 64
334 324
334 374
334 206
334 236
334 139
334 134
334 320
334 136
334 72
201 381
201 250
201 48
201 239
201 373
201 65
201 395
201 142
201 56
201 70
201 253
201 278
201 398
201 391
201 358
201 259
201 30
381 102
381 315
381 100
381 163
381 30
381 160
381 147
381 358
381 96
381 236
381 43
381 254
381 257
381 388
381 189
381 184
381 218
20 369
20 295
20 393
20 72
20 241
20 97
20 329
20 142
20 397
20 99
20 288
20 330
20 267
20 125
20 102
20 124
20 356
369 285
369 329
369 198
369 44
369 180
369 384
369 12
369 92
369 147
369 210
369 24
369 272
369 254
369 271
369 391
369 236
369 217
369 82
96 99
96 111
96 320
96 398
96 47
96 80
96 180
96 15
96 182
96 161
96 249
96 252
96 108
96 76
96 294
96 297
96 329
99 349
99 182
99 195
99 316
99 172
99 43
99 338
99 90
99 318
99 179
99 277
99 375
99 266
99 65
99 190
99 314
88 95
88 163
88 261
88 384
88 364
88 354
88 144
88 212
88 246
88 213
88 180
88 160
88 389
88 215
88 247
88 237
95 113
95 234
95 103
95 289
95 377
95 102
95 114
95 271
95 382
95 75
95 65
95 196
95 153
95 251
95 4
95 119
95 276
95 54
95 167
287 304
287 294
287 93
287 170
287 296
287 394
287 374
287 7
287 234
287 376
287 238
287 2
287 301
287 115
287 366
287 302
287 25
304 146
304 198
304 395
304 199
304 319
304 351
304 191
304 43
304 106
304 261
304 264
304 123
304 56
304 37
304 358
25 155
25 324
25 170
25 356
25 83
25 238
25 218
25 296
25 253
25 86
25 30
25 141
25 242
25 340
25 222
25 166
155 338
155 59
155 107
155 166
155 68
155 397
155 233
155 265
155 255
155 346
155 133
155 156
155 150
155 370
155 216
155 114
155 281
155 379
64 146
64 214
64 256
64 82
64 170
64 5
64 127
64 104
64 149
64 305
64 360
64 206
64 143
64 264
64 120
64 375
64 187
64 167
146 78
146 59
146 360
146 106
146 297
146 309
146 286
146 233
146 68
146 33
146 6
146 113
146 277
146 247
146 178
390 396
390 180
390 0
390 12
390 398
390 380
390 277
390 307
390 324
390 224
390 176
390 60
390 126
390 353
390 206
390 384
390 33
390 348
390 359
396 236
396 4
396 21
396 352
396 238
396 290
396 137
396 122
396 86
396 100
396 191
396 330
396 61
396 225
396 127
396 29
396 125
182 367
182 259
182 152
182 163
182 250
182 47
182 361
182 31
182 184
182 272
182 13
182 395
182 362
182 254
182 145
182 58
182 277
367 393
367 373
367 264
367 62
367 123
367 74
367 107
367 58
367 318
367 157
367 354
367 171
367 235
367 53
367 371
367 359
367 119
49 103
49 139
49 305
49 206
49 238
49 274
49 54
49 319
49 243
49 53
49 164
49 141
49 111
49 222
49 320
49 365
49 69
49 313
103 213
103 314
103 391
103 119
103 174
103 43
103 327
103 339
103 22
103 265
103 69
103 333
103 53
103 269
69 346
69 316
69 47
69 184
69 295
69 383
69 307
69 140
69 21
69 243
69 376
69 179
69 254
69 2
69 259
69 105
145 190
145 399
145 245
145 222
145 346
145 391
145 70
145 38
145 215
145 58
145 318
145 151
145 373
145 218
145 276
122 236
122 226
122 203
122 59
122 218
122 22
122 284
122 398
122 276
122 124
122 3
122 179
122 62
122 191
122 204
122 158
236 44
236 127
236 210
236 387
236 343
236 57
236 220
236 101
236 63
236 238
236 221
80 90
80 368
80 93
80 12
80 223
80 380
80 226
80 114
80 273
80 60
80 216
80 297
80 395
80 351
80 243
80 157
80 199
90 15
90 75
90 387
90 233
90 308
90 7
90 353
90 76
90 57
90 77
90 125
90 0
90 159
90 229
90 183
46 363
46 212
46 224
46 57
46 324
46 157
46 281
46 137
46 24
46 217
46 337
46 117
46 395
46 1
46 54
46 286
46 17
46 86
363 125
363 309
363 157
363 290
363 353
363 351
363 216
363 200
363 114
363 362
363 386
363 261
363 365
363 32
363 368
226 330
226 5
226 108
226 160
226 191
226 300
226 303
226 43
226 29
226 314
226 189
226 184
226 316
226 115
226 118
226 135
226 386
330 93
330 322
330 7
330 24
330 237
330 320
330 58
330 202
330 50
330 313
330 224
330 227
330 31
330 212
330 60
98 144
98 101
98 323
98 388
98 57
98 314
98 170
98 248
98 349
98 116
98 143
98 12
98 43
98 266
98 377
98 190
144 142
144 179
144 21
144 214
144 241
144 370
144 314
144 291
144 183
144 346
144 19
144 82
144 207
144 119
144 397
144 200
144 177
139 118
139 397
139 364
139 119
139 11
139 245
139 189
139 108
139 111
139 322
139 326
139 76
139 195
139 172
139 260
139 207
346 345
346 83
346 163
346 11
346 97
346 59
346 294
346 362
346 21
346 2
346 166
346 5
346 202
346 200
289 349
289 44
289 319
289 225
289 278
289 129
289 43
289 87
289 314
289 110
289 101
289 265
289 17
289 102
289 360
289 350
289 327
289 11
349 380
349 303
349 317
349 321
349 22
349 6
349 34
349 395
349 293
349 31
349 278
349 259
349 339
349 311
349 217
52 293
52 260
52 116
52 194
52 0
52 340
52 307
52 261
52 17
52 395
52 97
52 187
52 58
52 290
52 57
52 225
293 311
293 179
293 359
293 216
293 167
293 277
293 358
293 245
293 194
293 197
293 208
293 159
293 352
293 93
293 107
13 222
13 78
13 176
13 59
13 180
13 389
13 281
13 73
13 17
13 380
13 75
13 382
13 241
13 295
222 232
222 398
222 10
222 176
222 256
222 121
222 225
222 217
222 391
222 82
222 75
222 127
125 320
125 244
125 332
125 147
125 281
125 150
125 24
125 123
125 207
125 295
125 382
125 19
125 228
125 53
125 100
44 246
44 311
44 358
44 214
44 272
44 62
44 183
44 74
44 328
44 76
44 255
44 232
44 189
44 264
205 243
205 50
205 67
205 196
205 199
205 16
205 257
205 368
205 246
205 160
205 215
205 159
205 384
205 351
205 305
205 137
205 5
205 21
243 26
243 300
243 378
243 270
243 156
243 35
243 118
243 359
243 306
243 0
243 320
243 375
243 177
243 194
243 276
384 394
384 373
384 37
384 393
384 198
384 233
384 312
384 161
384 195
384 274
384 42
384 374
394 237
394 87
394 135
394 215
394 5
394 216
394 94
394 34
394 212
394 327
394 338
394 339
394 371
262 368
262 2
262 35
262 190
262 250
262 118
262 166
262 248
262 235
262 350
262 340
262 353
262 158
262 23
262 288
262 242
262 259
368 167
368 63
368 296
368 316
368 142
368 297
368 307
368 32
368 104
368 87
368 38
368 179
368 5
368 199
368 16
259 376
259 352
259 321
259 147
259 161
259 15
259 75
259 76
259 348
259 370
259 203
259 284
259 382
259 73
259 72
54 339
54 253
54 351
54 364
54 156
54 123
54 354
54 28
54 136
54 302
54 151
54 150
54 307
54 284
54 238
339 93
339 77
339 375
339 149
339 152
339 199
339 216
339 263
339 266
339 116
339 163
339 28
339 12
339 142
75 133
75 254
75 266
75 399
75 147
75 116
75 227
75 274
75 352
75 76
75 38
75 143
133 160
133 4
133 21
133 315
133 24
133 305
133 174
133 107
133 121
133 175
133 332
133 189
133 214
37 374
37 230
37 210
37 65
37 55
37 158
37 59
37 61
37 326
37 93
37 22
37 3
37 105
37 314
37 97
37 329
93 110
93 83
93 265
93 212
93 300
93 365
93 57
93 316
93 38
93 371
195 198
195 72
195 151
195 35
195 225
195 82
195 34
195 206
195 47
195 230
195 107
195 124
195 190
195 101
198 43
198 74
198 296
198 19
198 375
198 220
198 225
198 202
198 147
198 270
198 391
198 380
86 291
86 127
86 237
86 129
86 227
86 151
86 383
86 254
86 87
86 199
86 123
86 332
86 60
86 214
86 223
291 166
291 277
291 48
291 242
291 129
291 26
291 255
291 256
291 237
291 104
291 77
291 110
291 296
291 151
291 285
373 350
373 204
373 102
373 317
373 152
373 377
373 265
373 295
373 33
373 127
373 227
373 28
373 45
373 245
232 345
232 359
232 253
232 110
232 328
232 105
232 199
232 0
232 17
232 233
232 196
232 180
232 167
232 228
345 359
345 277
345 62
345 244
345 123
345 323
345 143
345 2
345 22
345 115
345 113
345 152
345 30
345 117
345 399
78 123
78 7
78 270
78 126
78 33
78 175
78 200
78 278
78 399
78 353
78 245
78 29
58 229
58 340
58 297
58 107
58 175
58 285
58 6
58 72
58 117
58 215
58 361
58 33
229 312
229 189
229 105
229 157
229 347
229 220
229 171
229 33
229 151
229 250
229 116
229 338
229 196
229 253
229 288
104 196
104 175
104 121
104 323
104 388
104 7
104 302
104 246
104 60
104 383
104 216
104 17
104 350
196 189
196 213
196 392
196 82
196 30
196 12
196 15
196 108
196 92
196 366
196 7
196 38
143 187
143 272
143 285
143 77
143 286
143 397
143 333
143 16
143 65
143 327
143 326
143 152
143 273
187 252
187 70
187 172
187 329
187 364
187 200
187 63
187 313
187 180
187 216
187 9
187 248
187 260
187 147
176 221
176 140
176 121
176 23
176 343
176 73
176 24
176 115
176 135
176 312
176 294
176 382
176 197
176 252
176 45
176 29
221 156
221 285
221 203
221 157
221 4
221 118
221 116
221 301
221 278
221 35
221 267
221 131
221 393
221 197
221 214
235 270
235 67
235 161
235 249
235 197
235 383
235 281
235 31
235 111
235 286
235 77
235 263
235 364
235 397
235 266
270 102
270 83
270 94
270 355
270 32
270 161
270 389
270 300
270 303
270 87
270 302
270 317
181 299
181 266
181 321
181 147
181 161
181 337
181 251
181 137
181 326
181 306
181 23
181 263
181 361
181 230
181 351
181 116
181 375
299 9
299 255
299 245
299 110
299 190
299 171
299 362
299 306
299 257
299 180
299 388
299 378
299 312
299 224
299 178
19 237
19 315
19 107
19 218
19 352
19 129
19 21
19 252
19 134
19 9
19 277
19 113
19 223
19 124
19 389
19 212
19 94
237 177
237 375
237 97
237 266
237 324
237 278
237 333
237 120
237 314
237 261
237 359
237 5
159 397
159 311
159 388
159 191
159 108
159 111
159 62
159 359
159 250
159 24
159 338
159 383
159 307
159 2
397 389
397 392
397 352
397 74
397 113
397 348
397 30
397 366
397 108
397 266
397 308
397 360
397 309
288 164
288 26
288 273
288 356
288 257
288 153
288 290
288 215
288 200
288 340
288 266
225 72
225 210
225 29
225 378
225 32
225 56
225 207
225 76
225 153
225 227
225 308
225 307
174 260
174 157
174 308
174 242
174 135
174 175
174 256
174 223
174 11
174 56
174 292
174 218
174 170
260 377
260 115
260 116
260 67
260 313
260 246
260 305
260 59
260 56
260 256
260 170
177 265
177 23
177 356
177 170
177 248
177 3
177 306
177 63
177 272
177 67
177 206
177 264
177 241
177 362
177 167
177 32
265 23
265 317
265 57
265 120
265 359
265 329
265 328
265 5
265 285
265 50
265 127
350 110
350 121
350 267
350 233
350 116
350 308
350 292
350 227
350 38
156 242
156 320
156 208
156 21
156 245
156 366
156 391
156 22
156 115
156 327
156 215
156 42
242 184
242 217
242 220
242 399
242 356
242 303
242 166
242 312
242 199
242 392
242 45
242 343
28 322
28 354
28 102
28 313
28 302
28 50
28 161
28 274
28 87
28 306
28 175
28 21
28 199
28 254
322 1
322 12
322 59
322 207
322 267
322 319
322 60
322 134
322 391
322 5
322 383
322 101
322 266
322 296
322 164
76 362
76 175
76 142
76 276
76 212
76 355
76 135
76 213
76 137
76 30
362 303
362 137
362 321
362 141
362 249
362 151
362 213
362 1
362 48
362 212
362 142
362 23
312 313
312 292
312 106
312 374
312 74
312 153
312 301
312 35
312 171
312 113
312 238
312 100
272 203
272 3
272 387
272 152
272 150
272 45
272 324
272 317
272 26
272 269
272 328
272 134
248 102
248 302
248 249
248 208
248 274
248 398
248 228
248 256
248 203
248 206
248 4
248 33
152 227
152 105
152 207
152 22
152 383
152 17
152 365
152 129
152 92
152 323
152 247
254 137
254 371
254 374
254 295
254 285
254 383
254 207
254 365
254 387
254 256
254 17
254 34
3 149
3 214
3 338
3 315
3 63
3 108
3 183
3 319
3 129
3 286
3 333
3 110
3 267
149 324
149 100
149 30
149 47
149 393
149 208
149 4
149 377
149 223
149 212
149 77
149 247
149 105
149 292
250 338
250 295
250 200
250 10
250 42
250 269
250 245
250 74
250 126
250 392
250 121
250 206
300 306
300 371
300 131
300 340
300 212
300 172
300 319
300 110
300 206
300 239
300 284
300 179
300 370
300 47
119 180
119 147
119 326
119 172
119 351
119 318
119 131
119 97
119 83
119 377
119 376
119 389
180 294
180 57
180 77
180 223
180 5
180 16
180 386
180 151
118 35
118 217
118 305
118 115
118 67
118 61
118 355
118 10
118 57
118 77
118 392
61 355
61 178
61 347
61 30
61 281
61 114
61 238
61 380
61 23
61 43
61 60
61 263
61 65
355 42
355 378
355 142
355 353
355 337
355 184
355 358
355 281
355 6
355 72
355 102
163 223
163 370
163 121
163 35
163 94
163 97
163 32
163 333
163 189
163 7
163 244
163 247
163 106
223 361
223 178
223 230
223 94
223 297
223 38
223 107
223 5
223 199
223 269
223 370
223 281
1 224
1 233
1 269
1 278
1 127
1 392
1 328
1 30
1 239
1 307
1 117
1 175
1 286
1 200
1 252
1 136
224 200
224 255
224 92
224 129
224 261
224 371
224 68
224 101
224 383
224 72
224 319
224 286
34 356
34 31
34 73
34 294
34 97
34 364
34 131
34 386
34 55
34 113
34 332
34 269
34 354
34 157
234 167
234 230
234 328
234 161
234 284
234 7
234 244
234 286
234 387
234 123
234 126
234 17
234 100
326 366
326 315
326 360
326 92
326 11
326 241
326 386
326 106
326 343
326 271
326 318
326 171
366 343
366 197
366 10
366 214
366 24
366 320
366 23
366 82
366 6
366 333
366 302
366 15
376 158
376 241
376 172
376 134
376 107
376 137
376 383
376 354
376 33
376 160
376 111
38 228
38 246
38 179
38 116
38 227
38 16
38 160
38 392
38 22
228 134
228 311
228 301
228 202
228 131
228 178
228 261
228 382
228 32
228 126
228 101
228 24
63 172
63 126
63 171
63 105
63 383
63 140
63 296
63 295
63 32
63 11
63 24
63 321
63 212
172 208
172 83
172 233
172 321
172 212
172 333
172 347
172 392
172 57
172 227
172 157
124 151
124 131
124 208
124 15
124 296
124 374
124 266
124 387
124 105
124 244
124 136
124 216
124 6
124 371
151 22
151 194
151 184
151 253
151 256
151 120
151 213
151 203
151 126
151 107
324 244
324 111
324 292
324 210
324 178
324 239
324 123
324 382
324 352
324 220
324 101
7 11
7 340
7 77
7 127
7 94
7 392
7 117
7 218
7 296
11 245
11 247
11 338
11 5
11 6
11 395
11 316
11 220
11 210
11 307
11 35
11 388
294 238
294 271
294 388
294 5
294 16
294 216
294 167
294 379
294 305
294 340
294 59
217 315
217 383
217 377
217 0
217 216
217 386
217 131
217 191
217 292
217 126
217 189
315 68
315 17
315 230
315 348
315 337
315 136
315 178
315 208
315 45
315 97
315 278
315 106
315 377
102 316
102 15
102 204
102 383
102 340
102 4
102 329
102 387
102 171
257 271
257 97
257 160
257 114
257 175
257 227
257 375
257 74
257 389
257 115
257 113
257 302
257 47
271 308
271 62
271 340
271 343
271 352
271 9
271 15
271 399
271 379
271 184
271 204
213 249
213 42
213 29
213 227
213 351
213 239
213 352
213 22
213 311
302 47
302 31
302 358
302 65
302 12
302 245
302 364
302 276
302 353
302 343
302 135
194 278
194 30
194 281
194 65
194 306
194 273
194 230
194 153
273 55
273 306
273 105
273 202
273 388
273 309
273 160
273 314
273 241
273 303
273 212
273 153
273 295
273 23
308 353
308 320
308 256
308 267
308 321
308 323
308 216
308 247
308 383
308 117
308 255
308 319
308 351
353 129
353 26
353 207
353 303
353 306
353 238
353 105
353 388
353 378
353 208
353 150
353 241
167 26
167 292
167 9
167 305
167 318
167 21
167 6
167 375
167 94
167 333
72 215
72 74
72 306
72 317
72 297
72 276
72 60
72 212
72 82
72 347
285 70
285 101
285 116
285 327
285 16
285 33
285 208
285 31
285 274
285 261
285 92
111 333
111 73
111 203
111 74
111 116
111 68
111 164
111 360
111 251
333 309
333 57
333 134
333 33
333 356
333 2
333 136
333 150
333 15
333 45
48 246
48 311
48 316
48 327
48 24
48 395
48 197
48 233
48 2
48 164
48 22
48 320
48 212
43 157
43 127
43 202
43 60
43 361
43 50
43 141
43 140
43 395
43 74
238 382
238 33
238 108
238 233
238 297
238 142
238 278
94 100
94 135
94 117
94 305
94 317
94 10
94 70
94 97
94 212
94 179
100 73
100 375
100 306
100 309
100 230
100 387
100 197
100 164
100 245
100 199
321 328
321 175
321 340
321 74
321 386
321 399
321 6
321 332
321 16
321 127
328 4
328 386
328 378
328 332
328 178
328 106
328 261
386 239
386 141
386 68
386 295
386 50
386 208
386 241
386 327
386 278
382 134
382 116
382 252
382 296
382 316
382 297
382 347
382 203
382 389
305 320
305 157
305 190
305 309
305 183
305 45
305 261
305 120
320 190
320 220
320 267
320 120
320 281
320 22
320 191
320 244
42 178
42 2
42 59
42 379
42 33
42 269
42 249
42 127
42 253
42 351
42 53
42 55
157 239
157 307
157 398
157 319
157 21
157 135
157 171
157 359
157 83
203 150
203 332
203 311
203 389
203 26
203 212
203 4
203 0
203 306
203 371
301 30
301 59
301 264
301 318
301 269
301 87
301 60
301 134
301 323
301 33
135 137
135 9
135 161
135 197
135 239
135 73
135 319
135 399
135 179
135 244
135 214
137 261
137 286
137 31
137 200
137 343
137 23
137 378
137 158
137 256
12 332
12 158
12 246
12 106
12 62
12 284
12 175
12 21
12 253
12 131
332 29
332 189
332 276
332 220
332 10
332 55
332 200
332 252
332 365
239 374
239 202
239 343
239 375
239 83
239 246
239 389
239 313
239 189
239 316
374 190
374 269
374 220
374 317
374 105
374 68
374 233
374 83
374 166
374 32
4 197
4 383
4 65
4 114
4 379
4 179
4 306
136 65
136 131
136 218
136 161
136 74
136 121
136 10
136 204
136 0
356 92
356 292
356 184
356 398
356 26
356 141
356 354
356 319
356 2
356 295
5 292
5 30
5 337
5 251
5 121
292 183
292 200
292 252
292 378
292 210
292 391
292 264
292 77
190 9
190 395
190 123
190 365
190 126
190 278
190 105
190 35
190 82
190 261
9 276
9 364
9 255
9 114
9 202
9 303
9 329
9 263
9 207
9 53
9 141
9 120
189 142
189 26
189 377
189 399
189 105
189 83
171 150
171 184
171 393
171 252
171 97
171 53
171 365
340 35
340 354
340 53
340 359
340 318
340 142
340 70
340 255
340 106
269 97
269 277
269 129
269 214
269 73
269 153
269 303
269 347
375 120
375 87
375 392
375 246
375 178
110 29
110 264
110 276
110 70
110 204
110 249
110 371
110 318
126 284
126 153
126 251
126 264
126 45
126 92
126 204
126 316
126 184
393 101
393 246
393 364
393 113
393 210
393 117
393 31
393 380
393 114
393 60
74 284
74 77
74 398
74 67
74 31
74 348
74 10
284 140
284 204
284 297
284 117
284 214
284 261
284 32
284 191
284 21
26 207
26 343
26 380
26 160
26 358
26 32
26 329
207 263
207 241
207 150
207 164
207 247
207 337
60 120
60 241
60 253
60 399
60 30
60 318
60 65
120 241
120 253
120 230
120 105
120 398
120 290
120 281
120 29
120 204
120 252
116 83
116 387
116 354
116 347
116 16
57 175
57 278
57 202
57 323
57 316
57 391
57 348
220 208
220 395
220 215
220 364
220 354
220 22
220 29
220 65
208 255
208 6
208 62
208 395
208 319
266 323
266 378
266 106
266 166
266 117
266 218
266 277
266 398
266 200
317 392
317 170
317 329
317 313
317 166
317 197
317 200
317 142
317 23
392 0
392 249
392 313
392 161
392 391
392 389
392 206
392 35
276 73
276 184
276 21
276 55
276 347
276 263
47 380
47 359
47 23
47 338
47 65
47 286
47 134
47 245
202 249
202 206
202 230
202 351
202 56
202 311
202 16
202 378
183 218
183 158
183 351
183 59
183 92
183 309
183 121
183 378
15 278
15 313
15 370
15 361
15 253
15 197
15 65
241 377
241 313
241 267
241 251
241 161
241 277
197 24
197 245
197 179
197 227
197 361
197 164
197 309
215 113
215 306
215 45
215 108
215 62
215 147
215 107
215 16
215 55
370 2
370 249
370 230
370 263
370 329
370 274
370 184
370 206
370 379
370 87
147 347
147 216
147 170
147 338
147 295
147 395
399 131
399 361
399 45
399 306
399 278
399 77
399 256
399 150
399 92
31 158
31 22
31 184
31 62
31 32
31 153
31 245
338 295
338 249
338 388
338 251
338 65
338 274
338 361
150 97
150 365
150 309
150 140
150 200
150 245
150 343
150 55
123 297
123 274
123 267
123 378
123 348
123 131
297 117
297 295
297 129
297 277
68 361
68 161
68 105
68 251
68 107
68 329
68 77
68 113
68 82
68 30
361 21
361 348
361 160
361 153
380 347
380 158
380 106
380 170
380 24
380 53
380 398
29 388
29 73
29 360
29 62
29 274
29 263
227 354
227 191
227 178
227 230
227 318
227 70
227 153
354 87
354 309
354 251
354 303
354 67
354 389
360 318
360 263
360 347
360 92
360 65
360 175
360 309
360 286
360 267
230 33
230 364
230 32
83 6
83 17
83 216
83 307
83 351
83 131
83 23
83 115
303 352
303 164
303 117
303 160
303 32
303 314
303 134
303 107
323 327
323 264
323 170
323 70
323 101
323 371
323 314
327 16
327 249
327 247
327 359
327 191
327 358
327 253
178 343
178 24
178 121
178 113
178 365
158 244
158 59
158 216
158 10
158 70
158 261
158 87
158 6
158 115
158 175
50 358
50 371
50 218
50 87
50 296
50 45
50 164
50 23
50 267
50 314
50 379
0 204
0 161
0 281
0 107
0 329
0 129
0 388
0 255
204 252
204 164
204 56
127 108
127 249
127 200
101 140
101 387
101 233
101 210
101 388
101 313
274 77
274 377
274 290
274 200
274 233
274 343
274 21
389 387
389 352
389 290
389 105
389 395
175 113
175 351
175 65
121 140
121 87
121 364
121 365
121 379
121 97
142 141
142 82
142 371
142 318
142 252
67 379
67 313
67 358
67 337
67 10
67 55
67 218
67 17
67 311
379 277
379 371
379 23
379 56
379 73
379 251
359 313
359 364
359 255
359 337
246 210
246 164
246 2
246 309
246 255
59 256
59 352
59 329
59 296
59 35
59 53
214 161
214 191
214 316
214 306
214 343
214 244
212 77
131 378
131 17
131 65
131 161
131 264
97 117
97 295
97 395
97 218
97 329
388 108
388 278
388 249
388 247
388 179
30 314
30 395
30 352
30 55
30 70
2 261
2 244
2 191
2 134
108 244
108 256
108 247
108 16
108 23
108 70
108 73
277 6
378 23
378 107
378 199
378 16
316 166
316 16
316 153
316 56
316 387
184 62
184 314
184 140
184 348
184 170
164 343
164 70
164 337
164 264
164 364
319 314
319 113
319 264
319 245
244 160
244 129
244 347
244 253
244 113
134 387
134 365
134 311
134 117
134 391
134 358
134 348
314 351
314 56
314 387
311 343
311 309
311 23
311 358
311 218
311 263
343 347
21 153
21 22
21 107
255 256
255 56
255 358
255 371
255 45
377 45
377 261
377 106
377 251
377 351
377 199
377 296
377 387
113 264
113 352
113 253
113 55
113 256
53 313
53 10
53 73
53 286
53 253
53 191
313 307
313 364
313 365
313 35
55 371
55 318
55 62
55 306
55 296
55 105
306 6
306 263
306 296
153 286
153 179
153 117
153 62
153 371
23 129
318 73
318 290
318 191
318 348
115 264
115 352
115 309
115 263
115 253
115 210
115 87
329 16
329 337
329 245
329 161
263 24
263 200
263 383
263 286
200 17
56 210
56 70
56 33
56 247
56 337
210 107
210 296
210 286
210 65
233 281
233 395
233 70
233 22
233 160
364 24
364 337
364 281
62 290
62 170
62 105
290 309
290 77
290 267
290 16
290 216
256 16
256 247
179 106
179 307
179 247
281 337
281 87
352 391
352 70
170 10
170 70
170 141
170 348
77 309
77 166
77 45
77 114
141 295
141 252
141 6
141 296
141 199
141 391
141 218
295 251
105 347
261 387
261 348
261 191
371 247
161 117
161 337
161 348
73 33
73 166
73 252
73 140
160 33
160 45
160 106
251 398
251 365
251 391
249 216
249 117
249 32
249 10
249 106
278 140
278 117
140 307
140 22
140 82
140 358
140 216
140 106
307 267
307 252
307 395
129 247
129 296
383 114
383 70
6 296
6 253
6 114
10 358
10 337
264 337
264 114
33 82
35 398
35 191
87 216
252 117
252 114
252 191
107 398
253 286
253 166
253 114
309 92
309 191
199 166
199 267
17 267
337 82
337 114
337 206
166 348
347 106
347 387
347 206
351 32
351 92
206 45
206 348
245 22
358 398
358 92
398 391
92 191
92 247
45 391
387 16
16 32
348 286
348 365
391 32
117 32